941,208,242

2672,158,120

4343,7,15

4828,266,231

4908,516,125

6110,211,219

6534,1121,884

6936,1140,1001

7339,111,144

8129,761,849

8672,78,106

10019,142,211

10089,382,91

10371,64,57

11269,16,8

11311,10,6

11810,256,273

13052,175,299

13354,41,15

14835,805,850

15466,928,1057

15712,13,7

15715,21,16

17612,133,121

17914,53,64

18121,208,242

18134,318,198

19162,11,12

19509,13,13

19843,940,745

20448,91,86

20967,1038,970

20986,19,14

21665,773,966

24136,342,343

25792,35,23

25802,359,259

25883,464,153

26866,561,142

31954,233,240

32672,447,480

33357,34,37

33417,908,909

33434,1229,865

33707,1527,1114

35589,252,364

36450,729,741

36486,1250,886

37330,548,632

37693,65,73

38398,667,697

38492,1283,1244

38622,1072,952

40570,26,14

40608,280,401

40624,17,7

40881,1037,1088

41289,40,21

41879,65,62

43513,86,114

43833,83,77

44403,787,888

45138,17,22

45840,18,19

46326,70,65

46423,105,86

47327,13,19

48628,1095,1035

48730,987,1132

49111,10,12

49375,980,1080

50359,872,786

51893,71,76

52671,12,36

53898,21,15

56467,17,14

58017,499,609

60633,15,10

62001,148,223

62641,601,949

64304,152,150

64694,817,823

65109,641,663

66039,76,69

67063,60,54

67102,321,143

67142,13,8

69324,35,18

69340,22,23

69348,78,58

69530,78,59

70028,19,15

71472,86,71

71731,1180,1052

72120,769,792

72385,350,207

73058,72,67

73216,273,232

73245,59,62

73415,16,9

73436,66,71

73832,303,270

74613,1163,1110

74616,1298,916

75849,8,6

76731,30,27

77124,17,12

77892,19,7

77985,6,0

78603,250,228

78960,44,30

80317,83,69

81292,22,35

81689,483,666

83376,998,1055

83986,424,964

84322,7,10

84438,11,11

85750,171,189

87053,20,11

87264,65,77

88388,207,216

89618,22,14

90317,1206,1159

91182,11,13

92759,938,991

94067,223,166

94185,648,672

95161,1128,1077

95206,14,15

95353,58,95

96504,59,48

96702,867,733

96972,27,12

97241,400,401

97456,1030,1161

98371,728,481

99609,641,643

100174,80,52

101592,20,9

101816,972,858

103006,9,16

103422,17,10

103653,56,55

104177,552,876

105151,57,52

105229,182,207

105331,17,19

105732,1140,1186

107173,95,129

108559,41,21

109455,518,631

110075,92,70

111758,2,1

111845,59,63

111975,19,9

113536,206,206

114521,21,20

115296,9,12

115573,12,12

115680,72,79

116009,327,372

117066,36,26

119477,132,215

119934,666,134

120607,34,19

121295,18,14

121745,753,754

121980,20,21

122907,26,41

122952,625,1077

123962,74,75

124408,1541,1178

125285,9,15

125303,456,503

125781,18,16

126182,159,191

127037,104,186

127426,84,109

127569,345,369

128533,1254,1118

128920,336,344

129457,361,329

130741,13,28

130895,28,13

131876,1379,1173

132087,17,8

132781,22,18

133205,1042,837

133312,21,18

134366,745,841

134576,12,6

135051,118,187

137608,30,21

137622,131,89

138464,13,9

140029,314,305

140461,422,497

142394,166,203

143415,1471,1106

145135,21,25

146240,852,730

148043,366,284

148882,568,642

149057,316,299

149913,749,854

151265,441,410

152338,1049,1169

153470,839,1148

154530,21,10

154595,53,16

156751,10,13

156781,1079,978

157752,12,11

158275,34,26

159418,62,56

160360,19,12

161395,113,186

161406,323,160

161627,803,1108

161781,11,6

161994,679,944

162509,126,90

162948,21,21

163330,66,91

163738,29,15

164193,21,11

164603,641,737

165328,1244,1279

166806,386,95

167470,15,4

168587,858,889

168703,67,71

168789,91,64

169687,12,8

169797,858,969

171002,1082,1241

171132,54,63

173102,727,497

173232,21,9

173339,422,195

173593,748,989

174727,261,245

174785,57,55

174818,62,50

174974,1311,946

176423,144,181

176894,48,93

178304,105,160

179142,1092,1045

179386,63,60

179988,922,810

180277,18,16

180539,61,93

180661,55,21

180789,32,17

180883,674,754

183441,28,27

183761,12,5

183920,80,67

184333,187,155

184573,66,59

184869,1036,1273

185523,840,849

186115,17,18

186358,137,97

186682,456,345

186726,46,51

187130,27,33

189481,81,79

189670,43,38

190992,509,463

191677,1193,1080

193473,11,6

193621,347,238

193629,991,992

193689,481,143

195087,43,24

195248,12,15

196239,358,344

197786,17,14

197811,394,383

198118,75,66

198823,9,8

199078,472,470

200828,30,26

203167,25,26

203184,16,13

203445,417,525

204101,335,297

205315,34,25

205691,159,160

206661,311,352

206687,20,11

207136,41,57

207300,22,13

207530,18,21

209832,726,524

210814,892,1028

211020,78,73

211284,338,346

211950,1214,955

213290,56,41

214139,17,9

215593,13,18

215916,1390,1108

216057,12,7

216278,756,799

217095,29,10

217150,870,913

217385,81,65

217614,314,349

217701,31,24

218084,23,22

218279,461,452

220550,1253,1084

220592,455,233

223567,11,6

223773,952,948

224128,715,853

224982,56,53

225622,852,792

226280,280,210

227048,812,723

227163,69,64

227192,13,7

229683,70,77

229952,220,220

230498,143,168

231065,79,59

231401,18,12

231643,113,73

231868,22,27

232274,70,63

232490,1185,1002

232689,55,55

233486,54,21

233616,77,83

234387,69,69

235093,702,808

236573,16,9

238279,535,420

238547,373,268

239133,866,997

239338,818,1056

239673,31,27

240120,72,76

241275,4,2

241855,1007,756

241972,199,261

242353,21,5

242900,243,258

245129,20,13

245969,667,813

246199,73,59

246860,10,4

247384,85,82

248178,453,396

248437,75,68

248937,22,22

250943,879,1098

252796,13,8

254180,35,15

254809,22,21

255983,1296,1133

256620,771,1032

257896,937,860

258314,264,300

258503,469,496

258535,337,390

258967,727,1083

261021,49,31

263011,23,27

263393,249,205

263633,163,138

264185,38,10

265272,744,773

265730,426,425

265933,33,22

266280,997,922

266349,834,1015

266580,194,268

266867,117,89

267010,6,3

267034,35,33

268563,88,87

268856,220,236

268968,17,13

269197,69,59

270842,78,74

271049,9,8

271995,164,167

272033,3,1

272624,76,71

273492,1108,1207

273602,20,12

273748,34,34

274045,86,38

274315,23,8

275317,668,633

275872,80,86

277274,1410,1085

279576,27,37

280439,409,224

280592,277,333

281931,31,30

283252,109,65

284296,61,59

285368,15,17

286210,985,873

286746,50,78

287114,32,19

287675,743,892

287831,22,7

288050,128,136

288909,287,285

288988,41,17

289181,341,412

291511,85,81

291785,934,1022

292049,615,687

292339,35,15

293920,25,30

295558,61,65

295863,1379,1038

297330,20,15

297336,316,311

297403,70,77

297404,1101,994

297504,135,81

298495,1113,898

299728,281,278

300315,438,452

302331,845,1090

302771,241,187

302897,478,202

303603,349,359

304161,637,808

304586,91,87

305083,27,21

306076,83,75

306905,110,143

308387,65,66

309261,222,223

310080,102,96

312564,1213,1043

312794,48,31

313073,27,8

313274,790,1066

313742,1026,860

313835,75,66

314102,170,183

314497,28,23

315002,108,131

316323,943,1042

317411,27,29

317580,76,115

319867,74,64

321318,1099,735

324556,324,300

325528,963,811

326279,75,32

327024,1026,698

328117,90,90

328274,39,24

328350,15,10

328657,36,48

330141,30,17

331284,61,47

331408,202,191

332069,11,13

333252,126,117

336328,42,33

338530,332,288

340699,12,14

340936,110,108

342516,970,921

345382,435,407

345421,807,796

345618,1212,968

345707,74,66

346310,125,120

347770,10,6

349317,905,986

349848,65,68

350693,17,13

350758,74,83

352434,75,54

352736,800,1146

353069,196,246

353418,3,1

355366,3,1

355680,494,747

356121,9,2

356540,583,748

356972,1035,1036

357179,204,186

357245,1320,1151

359044,3,0

359592,21,27

365191,92,79

365286,14,4

365667,60,69

366288,131,143

367517,249,238

370075,68,96

372230,17,21

372482,37,58

374355,603,823

374745,226,242

374824,1089,1015

375714,844,1101

376187,698,870

376940,23,28

378101,1252,954

379254,981,828

380279,141,104

380345,24,22

380915,882,1032

381150,17,10

382206,12,16

382365,1414,1339

383251,26,12

383458,230,212

384298,1310,1027

385687,208,203

386585,39,10

386611,27,18

386790,96,87

386827,18,24

388680,5,4

390887,65,72

391338,95,76

392869,1378,1077

393107,67,245

393354,460,522

394459,23,5

395694,4,0

395782,837,807

396030,87,145

398292,1188,915

398487,902,972

398618,85,73

399477,85,93

400555,32,31

400873,17,20

401428,704,460

404087,2,1

404212,12,16

405279,733,1079

405703,283,200

405929,214,196

407458,16,10

408012,13,13

408230,284,278

409939,162,122

410025,511,195

410149,71,75

410496,57,51

411180,9,4

412282,9,3

412589,8,0

412610,663,733

414676,287,222

414954,95,46

415477,1206,1162

415491,11,6

416135,30,25

418150,1040,1130

419467,256,206

419953,10,11

420195,15,7

420345,200,165

420615,5,3

422300,47,17

422666,828,912

423283,16,13

423379,20,9

423456,702,861

423861,27,13

424481,74,81

425099,14,5

426427,270,333

427493,959,980

427544,59,53

427660,79,80

428815,550,834

431280,32,39

431836,261,205

432283,510,525

434962,107,68

435344,1384,747

437077,40,31

437544,605,623

437652,283,362

439105,207,208

439584,2,0

439678,31,30

439907,7,4

440242,3,0

440632,1104,1035

442534,785,900

443085,27,22

443711,10,10

444008,7,3

444297,756,742

444532,626,810

444736,26,23

444761,32,246

444898,169,168

445806,159,135

446167,962,890

448873,547,660

449158,1085,1089

449821,222,192

450819,12,17

452016,33,45

452524,8,13

452530,242,230

455154,1247,1148

455219,18,16

455752,291,258

457620,20,14

459445,202,241

459917,63,64

460630,4,2

461118,89,86

462140,1159,1067

462663,1008,976

462736,135,234

464613,17,13

464830,906,913

467299,589,748

467470,26,27

468242,332,248

468827,16,17

469296,66,60

469357,5,3

470762,1103,872

470906,41,99

471413,65,65

471557,35,29

473066,633,1056

473436,83,72

474236,192,263

474586,25,11

476444,15,11

476784,41,21

476970,488,713

477168,48,34

477978,593,848

479433,873,1042

480467,276,304

480696,944,1038

480776,959,1055

481534,12,1

483295,20,19

483809,47,19

483812,384,98

484248,1478,1200

485035,16,11

485743,597,858

487106,36,37

487752,79,178

490718,17,6

491520,59,54

492765,17,11

492974,766,903

494254,167,205

494296,107,169

496306,25,26

496679,28,14

498009,91,80

499367,922,757

499953,41,37

500215,1171,840

500451,309,290

503822,18,13

503970,71,89

504300,853,847

504304,90,90

504450,44,16

504575,150,186

505182,54,38

505852,119,158

506611,777,779

506678,1005,933

507501,153,280

508018,15,18

509358,421,444

509441,554,816

510274,1360,992

510394,115,113

511161,42,38

511389,422,252

511781,930,1030

513541,72,86

516163,18,14

516262,657,840

518531,235,204

519503,886,823

520054,97,90

520109,12,12

521065,219,313

521397,633,796

521692,16,13

522186,48,46

522711,96,55

523606,677,752

523977,5,0

524677,366,305

525323,906,920

525690,83,86

525932,616,911

527693,35,16

528530,25,15

530908,1175,877

531144,69,71

531338,990,930

531348,12,8

532424,201,200

532442,46,37

533015,86,72

534277,283,455

535019,19,14

535082,100,69

535691,143,113

536972,795,971

537824,785,761

538702,246,338

538711,17,7

538957,518,517

539385,76,64

539386,344,372

539617,24,9

539865,197,159

539907,671,770

540914,18,11

543168,1505,1260

544439,17,16

544838,195,265

544881,136,197

545873,459,570

546233,217,211

546321,51,42

546825,139,232

549003,571,674

549068,11,6

549727,269,149

551078,74,66

551928,215,262

553559,15,15

554218,4,0

557026,871,1008

557544,222,143

557591,240,215

557608,4,1

557868,104,77

558149,55,61

559950,30,51

560114,378,336

560932,7,9

560979,10,17

561890,284,263

562597,88,58

563629,1191,1007

564293,16,10

564947,145,153

565351,68,61

565653,34,15

566662,1017,1151

567024,27,29

567841,857,989

569764,92,85

570267,63,61

570711,268,360

571588,5,2

571810,885,753

572089,582,273

572263,23,22

573455,21,19

574013,300,292

574210,747,788

575073,15,7

575483,1388,1298

575701,32,34

575771,548,276

577528,1115,1070

577571,22,7

578583,32,29

579220,292,241

579661,85,82

579897,14,9

580064,151,157

580336,709,670

580461,392,362

580486,922,997

580635,231,98

580785,896,1119

581794,1354,1083

583339,986,973

584668,16,20

585760,252,323

586185,974,795

587055,37,22

587206,239,99

589381,20,16

589598,857,1112

590105,1012,1131

590704,13,10

590785,76,71

590879,26,15

590966,93,104

591107,73,64

591150,14,28

591820,899,857

592391,284,213

593157,7,2

593615,408,415

594316,5,0

595511,134,97

595748,78,67

596157,35,30

596234,129,160

596587,501,679

597706,1007,1015

598158,561,1048

598893,14,17

600044,181,179

601331,147,202

602428,242,214

603629,62,55

605020,5,2

606198,11,12

608482,15,12

609256,701,894

609983,11,13

610043,52,28

610522,18,14

612084,66,66

612108,15,18

612957,77,77

613142,370,257

614267,303,401

614566,95,85

614907,8,9

616205,484,154

617164,136,124

618278,289,232

618704,832,721

619064,11,7

619203,625,912

620186,118,207

620478,103,83

620990,45,42

624372,199,175

626101,73,71

626177,260,243

626699,76,76

627051,11,13

629339,27,20

629470,874,833

629585,27,25

630587,172,136

634474,6,1

634799,13,1

635075,83,64

635878,22,32

636911,618,688

637018,459,381

637544,76,64

637839,42,26

638668,16,16

638913,61,60

638964,789,757

639466,94,97

639721,79,81

639730,6,2

640904,129,136

641364,22,21

642982,860,1098

643447,43,37

643918,403,434

644063,582,760

644244,191,214

644431,15,11

645418,20,6

646215,325,208

646993,7,4

647535,520,293

647574,2,1

647751,87,72

649692,72,73

649981,177,194

650064,83,60

651614,263,286

651835,269,236

651950,50,89

652484,482,125

653975,638,1005

656123,61,56

656653,22,15

657215,62,191

657863,16,9

658416,301,327

659085,298,234

659383,89,77

660200,90,81

661319,591,193

661923,36,50

661980,162,92

662057,35,43

662174,68,62

663450,44,34

664389,271,317

665529,68,65

666534,132,164

667078,359,311

667374,176,174

667855,1252,935

667963,142,107

668211,837,886

668484,47,52

668662,64,59

669018,11,8

669571,97,75

669970,48,18

670093,1332,1011

670542,195,144

671599,8,0

672552,4,2

673451,125,166

674611,529,678

674787,26,22

674952,76,66

675561,8,2

675612,58,64

675710,22,12

677582,1032,1152

677589,802,778

677612,70,72

678642,383,113

679297,74,224

680685,22,24

682629,313,481

682679,650,215

683323,34,43

683940,13,18

684239,20,17

685539,67,107

686158,231,193

686348,605,393

686826,277,242

687631,209,262

688673,837,1038

689330,153,213

690597,222,184

692081,24,29

692659,28,25

692898,84,89

694491,7,1

695020,179,233

697057,332,307

697497,41,48

697944,28,19

698132,62,60

698208,592,489

699326,15,15

699874,896,1046

700779,892,1028

702236,59,55

702567,17,15

703296,1091,1065

703402,377,361

703792,390,357

704004,107,90

704292,35,14

704362,861,840

704378,388,368

705064,33,18

705542,9,7

706731,1025,970

707627,260,328

708080,799,1030

709279,94,86

710220,67,64

710414,324,326

711179,141,167

711301,60,36

712357,102,71

712463,5,1

713254,804,908

714076,28,33

714084,106,100

714238,84,78

714380,750,986

715332,20,13

715390,1035,956

716681,668,874

721255,541,688

723831,126,119

723987,859,782

724433,290,326

724670,885,998

725019,86,91

725044,23,26

725559,133,91

726121,56,57

726657,27,16

726680,53,24

727998,901,839

728622,197,152

729698,899,848

730430,24,91

730966,21,29

730971,17,13

731228,295,259

731282,901,1062

731443,612,895

733140,1221,1223

733475,425,185

733929,110,144

734861,690,798

735230,15,16

735424,373,337

735477,32,23

736288,3,1

736972,264,190

737536,83,85

737575,786,852

737782,301,328

738239,81,83

738277,201,125

739695,245,99

739949,1209,1066

740139,34,19

740577,16,7

741411,52,59

741636,2,0

742301,1098,970

742371,1013,1087

743963,1081,821

744541,133,157

744631,12,12

744700,1116,1016

744879,18,22

745324,16,10

745640,87,73

746010,29,16

748592,857,948

749491,48,29

749964,20,17

750143,366,522

750163,11,4

750540,8,5

750980,1353,1270

752231,12,6

752256,7,5

753509,855,943

753790,831,1020

754085,1102,1002

755524,858,891

755822,289,221

756638,1067,931

757027,26,21

757419,213,195

757845,1152,834

758067,409,384

759256,1235,1078

760596,536,742

762079,1333,1132

762485,20,32

764255,395,458

765755,93,69

766183,66,57

766218,10,6

766395,730,800

766528,63,60

766649,46,44

767374,717,704

769381,537,692

770252,17,16

770923,8,2

772368,1025,1129

773058,52,57

774775,528,609

774798,692,723

774876,61,39

775388,968,819

775678,69,68

776705,512,817

777006,31,17

777171,59,43

778784,159,187

778821,22,8

779535,289,296

781274,1033,995

786425,21,13

787796,838,1066

788040,201,186

788576,20,11

790661,1038,1042

791139,82,54

793595,21,13

793703,75,74

794748,329,311

795257,668,274

795501,896,838

795970,79,74

797317,867,881

797787,11,4

797872,95,92

798854,232,238

798869,635,859

799282,15,11

800081,728,941

800878,157,241

801862,490,395

802526,107,279

804851,460,521

805058,13,14

805298,1410,1254

805435,18,14

809736,1631,1411

810123,1073,955

810212,2,1

810392,75,81

810496,7,3

810677,19,19

810735,899,1130

810887,7,13

811009,24,13

811356,35,12

811548,1126,1141

811616,16,13

813316,21,21

813540,1443,1155

813636,1059,1063

813641,61,58

813863,179,209

816686,6,4

816938,141,138

818140,346,283

818164,631,763

819126,7,3

820425,284,136

821075,104,238

821251,1073,942

821572,406,340

821721,1142,1010

821837,693,700

822115,951,956

822246,246,317

822936,71,67

823913,533,711

824453,657,755

824998,1189,957

825258,141,88

825466,1850,1187

825652,12,8

827020,81,83

829110,318,352

829257,39,19

829460,8,15

830648,308,267

832662,352,745

833129,243,218

835642,256,253

835984,22,31

836515,9,12

837587,187,188

837989,75,64

838917,1243,1157

839308,146,169

839736,5914,5914

840221,50,52

841015,674,1023

841314,166,211

841387,925,916

841552,92,55

842645,21,26

843401,1173,1010

844319,67,73

845135,5,1

845597,174,212

846631,59,56

847132,47,46

847619,17,14

848800,262,306

848941,229,264

849521,60,53

849738,830,975

850324,10,6

851838,67,72

854137,22,11

854271,19,15

854341,13,2

855567,266,201

855712,83,71

855830,71,64

856067,552,970

856425,77,74

856573,952,1040

856590,880,631

857166,35,42

859038,19,17

859113,66,81

861665,6,7

861673,31,28

861939,194,236

862889,18,9

863916,25,25

863925,303,301

864018,67,67

864019,559,730

864973,532,587

865037,1106,1020

865155,586,817

865729,58,92

866007,15,10

866601,12,11

867873,62,59

868222,33,21

868659,264,459

869478,15,7

870289,39,15

870379,94,81

871111,826,848

871333,23,17

871672,61,58

872243,391,302

872825,187,189

873143,50,15

873560,27,23

873971,881,879

874070,67,60

874887,1156,983

875548,69,57

875692,442,128

875863,1252,986

877394,19,23

878878,8,6

879813,94,89

880093,15,18

880166,15,14

880619,31,15

880807,675,788

881043,20,13

883302,471,345

883344,181,209

884260,57,51

884921,19,11

884977,680,847

885299,79,65

885675,70,60

885723,26,25

886397,35,17

886431,10,8

887960,15,16

887962,38,26

888093,736,948

888391,9,4

889064,389,160

889291,437,840

891094,38,26

891183,18,26

892885,66,77

893229,26,14

894528,21,26

896242,104,96

896394,101,68

896648,1308,1161

897257,558,696

897556,660,614

898955,27,28

900022,467,196

900405,65,58

901297,661,555

901652,16,9

903264,30,8

903769,68,29

904030,289,285

909776,18,23

910050,24,10

910527,210,229

910939,1332,1108

912895,483,510

914446,11,16

916428,77,78

916602,221,183

917809,9,4

918404,468,469

918616,959,956

918738,1245,913

919861,38,51

919935,105,198

920852,38,45

921294,104,81

921389,15,31

921890,65,11

922325,148,223

923097,170,282

923529,1283,1079

923760,82,96

923924,1276,1254

924388,39,12

925094,66,61

925233,883,885

927280,107,139

928330,100,65

930115,15,11

930161,17,21

931049,1091,986

931476,232,242

931698,748,941

932874,393,368

933372,722,958

934074,1039,961

934929,63,57

935776,1260,1029

936244,387,385

937230,174,147

938179,1099,922

938197,209,288

938463,86,131

938574,18,16

939665,61,56

939891,67,62

941089,22,17

941146,163,135

941235,14,6

941906,1184,1106

942451,80,83

942816,20,12

942846,200,316

943291,24,13

943737,506,701

943772,24,19

944133,41,38

945959,43,32

946134,17,7

947258,254,250

947320,872,822

947419,2,1

947796,21,14

949503,30,34

952202,20,26

952821,948,1036

953272,6,0

953336,1045,1036

954782,16,16

956179,12,12

956339,62,62

958301,34,30

958886,58,85

959295,798,854

959427,961,847

959623,114,98

961303,15,21

961328,39,19

962522,4,1

963148,981,967

963275,58,62

963448,224,274

965076,456,1046

966656,38,22

968967,1010,729

969256,11,5

969451,29,27

969502,72,70

969955,76,79

970012,268,294

970160,1090,1083

970490,1686,1203

970547,1180,983

973062,366,385

973383,35,12

973520,21,28

973665,613,767

974088,65,35

974601,510,186

976932,17,18

977669,467,445

977857,27,20

979599,21,22

979804,20,13

983590,443,436

983693,424,319

984199,47,41

984542,2,1

985107,440,315

985277,966,1143

986021,430,490

986349,796,905

986641,9,16

988776,610,154

989161,107,120

990529,269,303

990811,22,14

991160,819,918

992045,994,1145

992263,950,1063

992334,1190,963

992688,747,771

992800,74,59

993195,1053,846

995301,59,71

996258,12,15

996268,886,370

996760,537,282

997011,841,806

997940,53,55

998036,16,21

998192,55,51

998420,628,673

998481,498,148

998575,13,10

999011,83,71

999107,180,189

1000708,17,30

1001533,23,17

1002597,1145,1063

1006895,195,257

1007202,20,24

1007694,116,96

1008236,29,18

1008448,719,925

1009525,7,0

1010543,66,57

1010817,30,26

1011112,10,10

1012664,599,923

1013602,127,160

1013683,89,66

1014505,218,264

1014820,733,857

1016471,80,56

1016895,19,12

1017164,37,35

1019609,96,97

1020418,415,402

1022384,57,64

1024085,657,797

1025484,3,9

1025781,50,31

1027078,1048,1047

1027276,44,34

1027483,10,5

1027812,63,65

1028085,374,335

1028556,77,74

1029542,19,7

1029556,30,20

1029726,526,770

1030195,525,688

1030805,20,7

1030897,6,2

1031660,26,15

1032029,946,976

1034322,71,25

1034569,26,35

1035709,90,69

1038231,5,2

1039362,89,63

1039702,60,57

1040142,1213,982

1042152,801,1026

1042280,542,510

1045021,1429,1146

1045234,73,69

1045980,1200,905

1047819,210,197

1048262,43,38

1048798,539,491

1049061,959,964

1049333,15,19

1050928,701,772

1051158,981,816

1051684,75,77

1051722,18,14

1052726,15,13

1053224,135,142

1058549,127,136

1058571,91,81

1058644,52,49

1058885,142,98

1059177,10,2

1059549,65,74

1060157,628,747

1060589,75,73

1061215,94,121

1061455,301,258

1061778,93,97

1062596,446,329

1063775,920,908

1064898,39,42

1065491,304,339

1065547,22,9

1067572,411,402

1067956,36,28

1070212,1181,870

1071678,441,713

1074829,41,48

1074970,1,0

1075202,44,52

1075446,174,235

1075494,528,682

1076477,842,781

1078699,127,133

1079396,1112,900

1079812,22,12

1080655,255,272

1080834,25,11

1081515,4,2

1081552,23,11

1081927,72,73

1082547,1243,1184

1082862,38,94

1083305,1171,1236

1083363,13,15

1084500,267,270

1085383,111,97

1085806,6,4

1086053,21,8

1086555,866,719

1086703,916,990

1086857,28,29

1087254,73,67

1087978,40,48

1088488,248,235

1088533,76,45

1088678,62,27

1089790,137,151

1089957,353,403

1090219,685,718

1091841,4,4

1093081,29,23

1093721,389,440

1094296,664,726

1095099,29,16

1095464,8,4

1095836,12,11

1098136,43,7

1098358,1350,1097

1099345,23,14

1099386,73,59

1099687,15,18

1101472,778,957

1103520,18,19

1104264,44,35

1106029,64,70

1106618,69,59

1106999,28,17

1107698,61,81

1107890,72,77

1108000,769,694

1108132,347,339

1108472,871,923

1108483,215,236

1109689,446,354

1111313,786,1085

1114109,866,803

1115919,25,34

1116214,21,37

1116329,1477,1279

1116385,338,241

1117298,435,675

1117699,117,107

1117855,19,2

1118070,20,21

1118450,62,58

1119337,624,667

1119534,92,80

1121586,81,72

1122884,9,2

1124046,149,160

1125646,734,224

1127216,17,12

1127694,451,456

1128427,72,72

1128580,826,907

1128912,3,1

1129455,1058,886

1130496,1102,964

1131984,47,54

1132076,399,372

1132521,30,37

1132882,8,2

1133806,52,87

1133935,371,290

1134424,916,1043

1134427,28,8

1134821,7,3

1135093,5,2

1136377,17,13

1136675,211,142

1138286,280,215

1138406,35,23

1138420,238,270

1140347,10,11

1140789,13,4

1141064,291,322

1143639,1068,926

1143814,55,72

1143856,1191,1157

1144228,79,83

1144498,14,15

1145752,65,63

1147212,1005,1036

1148243,18,10

1148414,961,981

1152233,754,1003

1152246,788,1015

1154043,398,276

1154392,14,10

1154872,498,159

1155666,56,19

1155879,1094,801

1155936,16,17

1156155,54,53

1156947,24,6

1157004,959,1140

1158920,800,758

1161488,483,204

1162853,49,27

1164505,72,66

1165018,43,29

1165425,820,1009

1166845,17,20

1168221,17,22

1168815,591,914

1170077,427,321

1170377,230,262

1171069,132,194

1172390,622,533

1173076,1200,796

1173915,328,357

1174742,194,189

1174929,64,62

1176667,1033,758

1176719,651,657

1176992,1100,986

1177549,304,242

1178195,1059,990

1178625,315,160

1180289,73,62

1180391,20,10

1180630,220,186

1180901,230,277

1180958,301,316

1181215,896,1023

1182208,118,92

1182572,23,16

1182901,75,72

1183890,10,0

1184365,358,291

1185012,38,57

1185685,68,85

1187902,84,77

1188103,17,14

1188816,980,1127

1188959,19,12

1189602,5,0

1191435,761,914

1191555,16,15

1192794,100,242

1194287,867,943

1194932,15,22

1195226,491,192

1195307,181,160

1196253,13,11

1196426,87,89

1196605,11,7

1196711,269,241

1197655,797,1216

1197774,81,84

1197899,634,859

1198534,530,214

1199860,126,104

1201079,33,43

1201175,773,791

1201599,10,12

1201815,31,34

1201916,17,7

1202675,820,1076

1202957,71,51

1203064,1125,1003

1203802,31,23

1205461,241,251

1207988,61,66

1208008,1046,1096

1208151,728,761

1208350,1209,949

1209234,128,211

1209628,66,77

1209830,10,10

1210755,64,17

1212680,107,97

1213994,13,14

1216041,16,10

1216465,343,403

1217112,55,61

1217734,18,16

1217836,3,2

1218201,18,12

1218456,930,796

1219503,11,10

1220077,81,81

1221432,3,2

1221753,336,290

1221875,36,52

1223224,396,331

1223310,952,1033

1224245,1241,1235

1225393,1074,829

1227574,564,666

1228908,7,6

1229384,146,97

1229412,33,29

1229505,14,11

1229660,831,922

1230079,79,65

1230148,932,867

1230858,17,16

1230993,76,149

1231028,1004,1054

1232939,3,0

1233136,28,9

1233318,67,75

1233506,69,68

1234191,68,69

1234605,774,904

1234713,454,276

1234761,14,10

1235058,24,11

1235878,254,96

1236441,29,31

1236601,4,3

1236917,12,11

1237644,21,9

1237943,794,990

1240527,14,12

1241160,1082,1254

1241516,747,869

1241725,530,688

1242167,896,794

1242773,82,76

1243186,45,19

1243677,79,65

1243914,17,15

1245273,56,58

1245603,19,16

1246313,1147,930

1246530,296,250

1246537,34,33

1246650,315,292

1246785,74,76

1247820,34,48

1248154,35,44

1248261,139,195

1248270,1134,948

1249417,412,161

1250700,1064,1138

1250941,1123,969

1251090,583,400

1252119,801,1167

1253108,68,73

1254510,137,172

1255142,853,831

1255453,499,675

1257239,11,19

1257635,61,67

1258137,60,55

1258290,180,146

1260667,220,278

1261486,273,233

1261515,38,18

1262713,515,458

1263311,632,654

1264051,8,5

1265839,32,206

1267460,35,28

1267918,682,207

1267964,295,335

1268786,19,14

1269351,850,958

1269504,20,14

1272536,72,61

1273322,68,60

1274841,255,318

1275173,44,94

1276624,20,17

1276675,79,65

1276986,1000,752

1278894,38658,38540

1279087,66,62

1280655,20,25

1280868,10,8

1280922,916,1174

1281941,84,57

1283210,1238,1069

1283332,935,962

1283679,46,39

1284163,103,100

1284357,761,1014

1284436,358,453

1286459,43,28

1287048,21,15

1287379,1260,980

1288298,31,33

1288335,71,60

1289734,632,745

1292929,727,865

1293978,64,60

1294321,28,47

1295158,251,290

1295204,79,72

1295908,12,8

1296115,22,26

1297648,536,753

1297787,101,109

1297867,778,770

1297877,140,181

1297882,885,272

1298361,563,658

1299176,75,70

1300247,1376,1112

1302430,22,14

1304658,372,468

1305659,687,1009

1305795,458,189

1306211,3,2

1307724,9,3

1308356,2,3

1309481,13,19

1310270,14,20

1310461,6,3

1310766,322,400

1312277,740,946

1313613,36,33

1314084,1319,1134

1314558,715,796

1315171,10,9

1317012,940,921

1317574,204,189

1317709,845,1079

1318220,77,51

1319602,166,147

1319731,454,452

1320383,82,42

1320644,30,15

1320651,15,9

1321359,1184,1256

1322472,2,0

1322523,292,320

1322580,28,32

1323375,354,337

1323723,109,152

1323905,15,9

1324081,13,6

1324567,157,162

1325295,481,957

1325405,232,234

1326348,23,20

1326471,985,940

1326863,76,71

1327711,780,971

1329291,330,148

1330769,79,96

1331654,23,32

1331768,13,11

1332445,20,14

1332962,421,328

1333640,365,290

1334236,659,860

1334702,21,12

1334972,1209,936

1335508,51,18

1336623,781,1075

1336870,1,0

1337249,26,17

1337261,67,38

1337278,834,772

1337430,3,3

1339498,14,17

1341575,25,25

1342819,442,317

1342832,720,1006

1344899,66,38

1345871,757,853

1346096,608,616

1346459,72,61

1346967,536,1035

1349217,1027,1137

1349555,30,24

1349992,1281,906

1350922,163,199

1351556,298,245

1352405,5,4

1353005,301,241

1353156,94,64

1356646,14,41

1357174,211,307

1357916,16,8

1357973,1175,1152

1358002,74,63

1358982,9,2

1359382,834,874

1359667,22,19

1360498,657,938

1360635,4,2

1360715,363,339

1362210,68,64

1362332,14,7

1363381,94,95

1363415,125,90

1363727,58,53

1363807,288,243

1365219,42,41

1365332,79,76

1365563,79,58

1366676,1259,1207

1366970,757,1021

1367089,262,207

1367258,116,79

1368389,664,826

1369183,32,27

1369240,96,97

1371106,793,765

1372177,1388,1258

1373006,463,206

1373261,1123,975

1375106,94,99

1375289,562,827

1376643,8,6

1377615,5,4

1378617,81,91

1379128,556,847

1379445,4,2

1379586,71,74

1380475,67,67

1381070,506,444

1381453,412,406

1381640,111,242

1382417,279,350

1382429,84,91

1382854,69,72

1383457,16,15

1383548,528,150

1385557,205,241

1385812,17,13

1386541,148,118

1388022,573,677

1388162,1356,1142

1388440,998,914

1389673,52,33

1390240,118,74

1390774,1229,960

1391505,940,1097

1392457,9,5

1393239,278,280

1393253,808,1015

1394394,38,15

1394838,892,858

1394901,106,154

1394918,1060,1181

1396757,786,822

1397469,120,161

1397942,349,342

1399755,1166,1277

1400270,87,88

1400547,944,795

1400744,18,8

1401128,18,13

1401329,6,4

1401559,22,26

1401601,58,49

1402234,13,22

1405426,1496,1070

1406001,13,12

1406469,24,54

1409020,19,10

1409736,522,143

1410699,1126,990

1412224,135,179

1412235,44,45

1412631,447,398

1413244,24,17

1413637,193,227

1414051,7,2

1414966,658,589

1415170,931,1080

1416116,257,249

1416498,57,39

1416673,64,87

1417243,983,1153

1418361,55,58

1419751,281,335

1421418,27,37

1423904,749,836

1424087,546,764

1425352,795,957

1425469,240,288

1426301,805,1048

1426952,103,82

1427875,1287,1204

1428652,13,10

1428997,379,279

1429549,287,270

1429989,182,211

1430803,1322,1322

1430968,25,17

1431963,2,0

1432187,1059,1167

1432249,79,72

1432488,280,212

1434060,13,16

1434450,18,17

1435805,380,503

1436888,17,23

1437636,798,822

1438698,26,12

1439010,20,14

1439498,15,13

1442611,16,25

1443177,2,0

1444056,181,151

1445238,202,148

1446246,940,973

1446356,687,998

1446794,1137,1054

1447202,10,3

1447331,84,86

1448056,149,140

1448061,133,169

1449824,668,964

1451127,16,8

1452405,938,1111

1452427,144,110

1452626,83,92

1452686,10,11

1454086,58,55

1455142,22,14

1455313,102,92

1455657,7,1

1455873,347,278

1455959,217,96

1456293,6,4

1456874,157,119

1459134,21,14

1459714,948,1140

1461139,17,12

1461327,248,405

1463578,28,20

1463759,186,183

1464019,14,16

1464748,140,166

1465836,21,14

1467932,9,11

1468447,880,1062

1469128,197,180

1469401,18,17

1470439,54,27

1474864,14,5

1475524,69,54

1476568,786,837

1477221,7,4

1477437,11,8

1478594,6,4

1479571,448,611

1480300,26,12

1480703,688,979

1480813,740,1040

1481209,1055,805

1483004,8,11

1483065,13,18

1483318,21,21

1483941,69,91

1484413,11,7

1485450,817,896

1485916,1110,1052

1487615,23,11

1488905,182,277

1489409,980,1013

1489451,13,8

1490672,1242,1102

1491001,55,30

1491271,73,69

1491664,945,705

1492009,1014,887

1492370,1059,966

1492555,26,13

1492679,580,266

1494148,297,279

1494544,15,15

1494697,349,508

1495587,997,760

1495961,251,276

1495984,6,3

1496312,3,1

1496683,371,452

1497224,21,23

1497676,644,437

1498976,11,22

1499757,21,18

1499959,914,858

1500409,266,138

1501359,13,10

1502547,14,10

1504044,679,826

1505024,147,153

1508277,82,85

1508923,1896,1275

1509021,139,205

1509307,570,894

1509340,223,296

1509635,38,25

1510830,665,840

1510967,191,201

1511459,596,201

1512997,79,82

1513120,85,71

1513573,734,617

1513766,51,48

1513840,717,940

1514367,95,90

1514680,757,1136

1515197,67,70

1515466,43,21

1516513,9,10

1517572,32,33

1517802,90,83

1517929,5,4

1518969,16,5

1519004,78,73

1520389,26,30

1520446,4,1

1520987,29,29

1521668,339,414

1522107,378,296

1522908,721,820

1523396,75,72

1523933,92,78

1524136,98,86

1524498,816,982

1525028,262,208

1525103,93,97

1525975,824,803

1526716,215,239

1527441,1080,1334

1527648,85,90

1527767,8,7

1527872,353,340

1528090,176,114

1528279,8,5

1528551,36,26

1528665,293,268

1529852,1123,892

1530719,182,172

1532160,238,213

1533011,850,721

1533712,27,24

1534016,821,789

1535130,80,80

1536714,2,1

1537207,1118,1110

1537249,1029,958

1539142,11,10

1540524,21,28

1540944,73,83

1541685,19,18

1543266,34,33

1543979,22,20

1544742,1018,921

1547150,502,773

1547652,68,54

1547860,1242,1013

1549032,28,33

1549219,182,192

1549361,310,351

1549439,713,763

1551364,23,12

1552214,360,288

1554601,18,17

1554678,1192,1013

1557125,19,22

1557777,882,724

1558970,17,6

1561938,668,919

1562105,801,818

1562186,18,12

1562191,70,66

1562534,69,69

1562625,708,793

1562922,61,54

1563653,341,359

1563928,138,154

1564521,158,164

1564534,32,163

1565051,34,34

1565062,36,142

1566005,25,33

1566170,147,172

1566766,24,15

1567047,351,269

1567292,5,1

1567378,17,3

1569963,822,712

1570102,1173,1352

1570579,16,8

1570944,843,739

1571183,766,752

1571283,13,8

1573358,53,61

1574042,10,16

1574616,58,53

1574806,69,67

1574967,259,334

1576297,544,858

1576452,2,1

1576499,42,43

1578455,261,338

1578523,501,468

1580124,74,80

1583686,56,48

1584066,715,780

1584300,229,252

1585206,1,1

1586378,13,20

1586794,13,13

1587254,154,227

1587850,356,405

1588412,651,949

1588767,200,188

1589400,280,351

1589559,69,56

1590133,32,27

1591741,8,9

1591840,9,10

1592997,282,159

1593258,16,19

1594431,682,1015

1594599,18,10

1594971,7,3

1595210,63,60

1595318,106,204

1595784,609,181

1596719,181,161

1596977,290,280

1597320,1305,1009

1597848,230,175

1598265,6,2

1598831,7,2

1599181,95,70

1600283,39,10

1603900,1175,1131

1604756,66,67

1606070,23,22

1607208,10,13

1607547,440,689

1607917,218,223

1607944,595,732

1609200,9,9

1611783,399,427

1612579,822,910

1612584,259,216

1612730,22,23

1613678,15,9

1613963,22,10

1614473,149,87

1614660,8,17

1615550,841,206

1616474,554,470

1616612,110,88

1617284,99,72

1618056,542,666

1618488,30,20

1618639,2,2

1618745,102,120

1620753,78,79

1621849,3,3

1622104,598,855

1623035,841,838

1623490,431,413

1624321,495,803

1625046,21,22

1626169,29,33

1626299,33,26

1626521,36,34

1626629,408,474

1627198,659,516

1629394,97,31

1629590,76,84

1629621,77,67

1631132,32,25

1631284,248,321

1632214,1133,925

1632922,72,67

1633558,955,743

1635527,1,1

1635641,134,95

1636010,579,725

1636226,65,64

1636270,25,21

1636826,388,210

1638051,194,172

1638566,246,263

1639202,754,694

1639753,30,23

1640316,4,1

1640943,1070,1087

1642096,16,12

1642537,24,20

1642758,19,21

1643467,692,899

1643468,1072,946

1644063,65,57

1646758,394,323

1647214,85,72

1648997,84,67

1649471,74,74

1651940,1267,977

1652057,53,52

1652892,103,92

1653780,42,46

1656259,44,46

1656601,295,314

1657440,60,65

1658699,213,194

1660166,13,16

1660198,1172,1099

1660523,326,448

1660730,23,30

1661506,35,22

1667325,4,2

1667330,14,14

1667873,77,76

1668273,345,266

1668783,204,254

1668820,8,1

1669109,22,26

1672782,23,17

1673153,345,276

1673411,23,24

1675066,43,18

1675069,73,76

1675667,187,100

1677351,11,2

1677597,19,22

1678060,606,886

1678204,178,240

1678214,178,213

1678785,837,1116

1679345,1029,931

1679381,80,76

1679652,19,11

1681027,1100,958

1682503,669,835

1683303,1149,1017

1683311,188,176

1683856,24,38

1684033,633,520

1685011,51,32

1685422,4,3

1685871,1,0

1687029,79,68

1687109,82,73

1687201,139,189

1687776,99,77

1687983,563,655

1688081,89,87

1688712,9,9

1689641,61,62

1690335,389,327

1690345,70,63

1690685,4,1

1691480,581,494

1692925,1313,1238

1693514,72,60

1695328,1078,1031

1695419,945,869

1695521,61,60

1695941,6,6

1695977,57,60

1696241,213,184

1696282,46,25

1696430,53,47

1696753,564,572

1697086,110,74

1698283,73,68

1699262,9,6

1699336,31,19

1700834,8,11

1703818,68,71

1706538,1061,945

1706569,2,1

1706832,238,371

1707585,403,693

1709971,9,1

1710420,335,343

1710455,14,6

1711423,280,238

1711548,4,6

1712731,299,256

1713332,81,80

1713404,178,188

1713815,52,49

1713869,20,7

1713904,808,785

1714092,95,67

1716506,6,4

1718408,591,151

1718771,24,28

1719557,17,24

1721166,79,39

1724998,72,79

1725488,40,60

1727327,15,19

1727579,84,75

1727869,61,55

1728164,1205,1029

1728432,938,922

1729147,10,18

1729573,67,69

1730482,87,75

1730554,228,218

1731054,148,177

1731552,414,280

1731572,15,18

1731611,13,10

1732392,615,830

1732683,95,94

1735326,338,272

1736353,2,2

1736603,20,3

1737013,20,15

1737684,69,64

1738212,396,349

1739186,574,150

1739364,535,499

1739457,708,867

1739582,30,30

1739814,34,32

1739976,31,27

1740708,16,6

1740829,924,896

1740991,72,72

1741651,61,71

1742829,190,231

1743218,36,51

1743350,323,324

1743366,273,369

1743471,337,275

1743546,60,54

1744199,121,95

1744503,168,161

1745223,678,508

1747170,838,742

1749109,1204,1140

1749548,723,715

1749640,26,9

1750125,362,380

1750619,14,12

1751308,15,13

1751670,221,250

1753118,906,787

1753286,26,3

1754028,1298,1201

1754702,264,263

1755533,1001,1106

1756058,967,1051

1756654,394,159

1757507,17,22

1758610,334,314

1758901,3,2

1759022,411,652

1759070,11,5

1759695,928,883

1760095,32,38

1760129,56,49

1760325,35,30

1760383,65,64

1762242,32,18

1762248,49,53

1763638,25,21

1763672,1,0

1763715,735,1052

1763807,691,198

1764153,207,311

1764441,129,173

1765818,97,170

1766671,11,20

1767836,15,18

1769864,15,23

1770468,1211,1031

1770586,35,25

1771245,63,65

1772176,398,94

1772261,18,7

1772919,663,832

1772990,3,1

1773176,177,183

1773283,463,513

1774855,34,29

1775516,757,968

1776141,17,14

1778371,239,284

1779722,22,11

1781105,215,175

1781128,2,2

1783991,71,74

1784467,18,10

1786015,716,1017

1786133,157,152

1787637,41,61

1788018,831,747

1788413,241,297

1788664,1,1

1789454,131,84

1789535,36,60

1789736,104,83

1790293,52,50

1791156,820,830

1791838,944,1228

1794504,10,15

1794634,96,81

1795127,19,20

1796195,1149,943

1796737,819,1089

1797310,1432,1048

1798127,19,17

1799033,179,366

1800174,616,279

1801335,547,606

1803086,7,12

1803146,33,20

1803705,311,288

1804735,891,898

1806328,25,26

1807119,83,71

1808716,71,71

1809285,195,245

1809394,34,27

1809420,2,1

1809880,45,30

1811210,19,11

1812068,28,11

1812418,13,12

1812811,1429,1356

1813262,582,610

1813380,274,238

1813824,163,120

1813844,47,46

1813981,961,832

1814880,852,868

1815116,18,18

1815816,722,945

1816522,5,1

1817444,62,60

1817739,506,632

1819320,27,12

1819553,57,104

1819827,26,26

1820085,28,25

1820326,50,44

1821472,486,390

1822171,330,318

1822174,272,356

1822482,22,7

1822625,521,439

1823310,571,152

1823379,20,4

1823484,229,205

1823547,33,41

1823549,52,57

1825492,36,38

1826870,27,17

1827053,19,16

1828090,19,18

1829621,21,23

1830372,4,2

1830983,833,1010

1831051,16,10

1831128,659,208

1833168,14,14

1834564,3,2

1835458,41,41

1835505,311,313

1836075,613,515

1836139,26,20

1836265,17,17

1836644,6,1

1836866,463,343

1837146,601,506

1837225,25,17

1838047,22,11

1838691,68,62

1838792,1203,1054

1839291,50,21

1840656,813,1016

1841960,430,411

1843161,66,62

1843348,22,12

1843798,9,15

1844006,25,26

1846010,914,761

1846280,550,809

1846978,96,148

1848525,39,27

1848529,564,670

1848663,594,688

1849623,19,14

1849728,18,7

1850479,8,7

1852033,6,3

1852766,397,153

1853425,4,2

1854510,20,8

1855484,10,11

1856019,134,138

1856188,49,53

1857726,5,6

1858381,1413,1162

1859190,1355,1054

1860181,418,473

1860592,17,11

1860913,81,61

1861552,268,305

1861684,865,865

1862455,537,407

1862567,781,612

1862586,209,270

1862792,11,10

1863437,73,75

1865282,993,942

1865549,11,19

1865730,72,59

1866264,61,60

1870869,107,100

1871332,516,871

1871817,246,242

1871836,21,17

1871927,11,6

1872990,5,1

1873033,1208,1137

1873375,244,241

1873443,65,38

1873607,638,991

1874212,25,35

1874534,302,315

1874792,78,78

1875369,220,199

1875935,148,178

1877708,26,13

1878167,89,85

1878687,403,285

1879195,21,26

1880065,256,174

1880304,24,11

1881823,283,282

1882540,12,13

1882651,88,77

1882987,853,752

1883384,23,21

1883690,17,24

1885661,5,10

1885677,1027,1049

1885933,181,136

1886292,30,28

1887790,3,1

1887849,20,11

1888873,17,10

1889737,32,42

1892706,847,902

1894702,327,146

1897980,494,509

1898006,17,9

1898284,17,12

1898399,11,12

1899005,790,940

1899383,21,23

1899557,637,968

1901189,76,54

1901230,9,5

1901680,374,464

1901765,374,196

1902375,480,827

1903719,200,195

1905468,16,21

1906057,22,22

1906065,6,2

1906384,18,14

1906760,36,37

1906865,311,318

1908375,18,19

1908621,20,10

1908746,21,8

1908858,782,955

1909047,468,391

1910777,91,91

1911267,578,667

1912012,268,290

1912164,316,356

1912459,61,66

1914254,287,305

1914739,215,258

1915520,16,9

1916572,16,12

1917755,16,8

1919714,575,442

1920255,1005,1011

1921770,25,7

1922244,143,165

1922302,20,12

1923055,61,59

1923192,421,221

1925213,293,242

1926243,55,50

1928375,853,715

1931368,72,75

1931591,52,40

1932219,70,69

1932220,557,466

1932290,11,13

1932614,946,915

1932928,151,116

1933593,50,40

1934078,48,41

1934504,1041,856

1935883,272,280

1936551,76,67

1936854,1018,1014

1937657,216,291

1937834,42,49

1938066,129,161

1938259,12,16

1939208,6,0

1939292,6,2

1939735,81,86

1940081,54,123

1940907,103,63

1941455,1113,988

1941845,18,19

1941990,13,13

1942120,268,213

1942625,1110,799

1943228,836,671

1944302,285,371

1944495,270,266

1945467,25,18

1945506,19,24

1945731,226,275

1946142,758,976

1946314,994,1236

1946546,78,62

1946929,63,75

1947176,104,83

1947812,71,64

1947928,136,128

1948150,16,6

1949435,1263,1023

1950381,73,48

1952341,305,325

1953117,12,19

1953744,60,55

1953824,33,45

1954188,11,3

1954532,77,81

1954538,12,12

1955205,298,353

1958194,47,44

1959069,7,1

1959217,601,793

1960107,401,314

1965146,10,17

1965716,1,0

1966429,6,4

1966966,10,4

1967769,885,925

1968164,69,77

1970184,16,35

1970360,474,284

1971223,162,232

1971852,492,164

1973863,37,31

1975667,60,184

1975742,42,56

1976367,78,74

1977746,67,70

1979024,269,278

1980139,104,188

1980233,36,21

1980626,83,109

1981182,841,691

1981451,4,2

1981617,651,658

1982133,99,70

1983777,120,142

1984246,140,203

1986003,18,27

1987241,13,13

1987765,333,348

1988049,394,210

1988493,3,1

1988755,69,77

1990578,13,16

1991023,91,67

1991168,712,902

1991592,27,15

1991646,575,744

1993152,75,81

1993180,927,1336

1993568,487,96

1994315,67,51

1994470,913,1190

1994529,44,18

1996962,665,759

1997596,189,226

1997632,775,1148

1998032,149,198

1998550,113,87

1998752,1088,1011

1999088,18,28

1999729,113,119

2000496,96,67

2000800,1158,1211

2001739,439,407

2004816,10,7

2006561,640,876

2006807,14,18

2007070,7,5

2007219,838,1210

2007515,38,31

2007598,17,23

2009087,795,911

2010176,88,82

2010383,1457,1188

2010544,8,2

2010738,21,9

2011396,40,43

2012017,7,7

2012559,16,21

2013273,944,805

2014530,34,39

2015129,679,773

2015749,27,28

2016064,6,2

2016150,56,54

2016911,3,2

2017474,683,680

2017643,139,123

2018684,558,881

2018848,226,263

2019668,63,66

2022703,63,55

2023392,44,37

2024863,15,24

2025656,19,13

2026615,627,799

2027844,26,33

2028099,630,959

2028347,10,18

2031799,73,22

2034208,38,40

2035400,17,10

2035914,306,322

2036467,20,18

2037299,1504,881

2037429,76,74

2038469,17,11

2038662,27,35

2038667,606,1088

2039166,86,73

2040718,33,7

2040759,704,915

2041384,617,874

2042186,18,5

2042333,328,287

2042540,931,957

2042862,262,224

2043478,2,1

2044615,59,64

2045913,113,183

2046019,6,13

2046348,672,786

2047018,69,75

2047233,72,58

2047880,1619,1019

2048678,27,16

2049559,173,152

2049819,195,251

2049974,2,1

2050303,87,79

2050707,70,60

2051549,1012,1208

2052043,746,1153

2054562,16,18

2055411,7,1

2056082,22,22

2056236,114,96

2056864,8,7

2057127,24,18

2057133,670,814

2057936,410,245

2059479,22,20

2059961,23,13

2060106,1114,1021

2060504,16,16

2060916,83,75

2062993,3,1

2064511,15,6

2064523,78,27

2065333,15,15

2065364,55,47

2066168,55,79

2066972,42,39

2067907,86,69

2068147,702,954

2068577,15,15

2069587,235,263

2072090,30,14

2074966,558,209

2075534,69,65

2076701,287,346

2077170,33,25

2078034,124,88

2079003,312,315

2079527,32,29

2079904,78,90

2080257,16,20

2080368,783,744

2080929,24,32

2081131,1299,1062

2081231,464,394

2081562,941,872

2083613,274,286

2084304,45,47

2085080,16,6

2085655,283,343

2087553,58,88

2089499,615,836

2090691,14,9

2090883,71,57

2091426,1089,1154

2091832,465,425

2093891,194,224

2094112,12,18

2094648,586,169

2095583,277,246

2096715,12,15
