878,747,720

941,276,303

1197,1134,1111

1217,47,43

1634,10,20

1775,237,259

1951,69,64

2231,254,408

2672,469,364

2679,515,658

3499,457,162

4828,219,247

6110,254,212

6162,33,12

6286,16,17

6534,702,717

6936,748,689

7339,313,376

7613,263,135

7639,82,89

8129,505,584

8385,322,239

8672,63,78

8764,795,969

9103,319,296

9591,341,374

9924,70,56

10371,43,39

11269,20,13

11297,52,61

11311,6,2

13052,258,379

13354,13,8

13357,319,259

13876,328,357

13920,390,158

14215,1111,805

14290,103,100

14835,591,642

15466,1144,1037

15712,9,3

15715,7,1

15746,427,428

16732,10,15

17425,69,79

17612,158,202

17688,792,892

17914,62,60

18121,154,181

18521,18,11

19162,12,17

19509,16,10

20133,1104,1216

20345,93,81

20448,80,78

20627,3,5

20986,33,20

21665,769,961

22713,335,345

25016,1427,1331

25792,62,32

26180,55,47

26257,891,852

26965,11,19

27015,347,378

28804,34,23

29539,18,21

30224,968,1004

30856,62,57

31954,221,230

31994,51,12

32116,80,70

33030,265,336

33136,54,11

33350,59,63

35076,65,70

35393,1271,1081

36415,1058,1045

36486,672,936

36922,33,22

37425,149,154

37693,69,67

37720,97,88

38221,966,683

38417,740,1052

38489,1083,905

38492,768,753

38622,948,861

40235,20,10

40410,7,7

40570,31,15

40624,22,9

40715,19,7

40911,638,871

40960,65,61

41141,107,107

41289,20,10

41498,1221,950

41879,58,55

42045,761,995

42555,8,13

42558,717,716

42721,53,50

42749,7,2

42803,59,99

43800,22,13

43833,72,73

43927,26,15

45124,1330,987

45138,16,14

45157,11,10

45840,14,13

46326,57,54

46423,143,83

46690,163,251

46776,1198,1095

47291,324,357

47304,1267,1160

47327,12,18

47758,362,385

48730,990,1095

49352,5,0

49375,1152,793

49580,442,192

49836,453,421

50359,647,828

50426,1382,1057

51389,1216,1430

51523,68,60

51843,971,1140

51893,74,76

52671,28,25

53558,759,708

53898,4,1

54223,79,69

54259,466,385

55678,20,12

55820,104,195

56467,9,7

57581,33,24

57612,59,58

57806,15,10

57990,922,1002

58238,250,288

59466,725,940

59901,1090,1130

60359,65,75

60633,4,2

61892,138,304

62001,165,224

63903,21,22

64079,769,819

64304,466,448

64694,679,695

66208,16,13

66808,790,1095

67063,65,60

67142,17,13

67425,89,75

67437,220,308

67747,300,298

67762,1163,1176

68697,77,91

69324,50,24

69337,84,75

69340,14,14

69348,105,78

69478,48,59

69530,67,59

69951,126,110

71352,386,301

71472,58,56

71526,419,426

71940,9,5

72042,605,691

72131,620,695

72753,166,146

73058,70,53

73245,75,79

73415,28,15

73832,124,128

74204,5,3

74613,857,796

74616,954,882

74766,16,14

74863,231,328

75296,481,192

75352,745,779

75415,84,46

75552,355,289

75964,682,746

76731,28,22

77124,23,10

77892,45,11

77985,5,2

78603,212,188

78960,18,30

81292,31,27

81707,894,972

81921,154,188

82626,460,464

82707,25,8

83986,855,863

84322,19,15

84358,397,435

84678,10,7

85398,65,51

85540,25,16

86922,308,410

87021,7,3

87053,20,18

87898,843,846

88315,372,155

88388,126,152

89618,5,2

89996,77,91

90317,1142,829

90727,88,85

91182,16,11

91683,1220,1120

93035,235,159

93171,350,402

93776,16,7

94026,1086,1024

94067,196,194

94080,26,24

94406,770,657

94846,308,164

95161,763,841

96285,18,19

96504,53,49

96515,405,398

96972,30,18

97314,24,15

97597,600,888

97613,687,529

97824,791,674

98191,1115,1168

99250,61,64

99641,50,54

99649,487,430

100025,1037,989

100174,79,64

100461,270,368

101592,3,1

101816,789,725

102362,114,87

103422,24,19

103653,60,58

104177,639,821

104237,313,425

105229,118,182

105331,15,16

105431,49,39

105753,1018,1105

105876,73,66

106322,15,15

106773,865,643

107173,565,535

108559,27,8

108622,243,293

108697,11,11

108757,17,18

109024,669,855

110075,62,57

110790,850,642

111015,9,1

111229,658,631

111758,3,2

111975,21,13

112316,73,78

112328,67,45

113153,40,42

113536,267,273

114265,608,937

114521,17,9

115010,155,375

115573,20,7

115843,82,84

115904,367,384

116009,104,96

116226,56,54

116272,1030,1080

116446,1447,1278

116861,60,58

117066,47,19

117551,22,9

118601,52,36

118688,44,42

119477,124,137

119808,24,15

119892,647,443

120041,1263,1223

120407,10,8

120607,58,19

121067,673,152

121295,14,13

121980,11,25

122656,20,5

122704,1235,1173

122846,642,730

122907,24,49

122981,6,3

123639,720,999

123962,79,71

124551,29,7

125263,4,3

125285,20,15

126101,818,789

126182,232,208

126216,49,90

126739,164,209

127037,171,182

127426,54,77

127728,20,21

128533,1201,1071

128881,362,358

128920,205,194

130373,36,33

130741,35,24

130895,7,3

131599,816,760

131876,594,721

132087,16,8

132781,20,15

133205,680,590

133312,9,5

133576,896,1093

133653,368,384

134210,754,685

134306,3,1

134515,81,69

134576,7,7

135051,153,204

135373,1303,1067

135386,68,59

135664,14,5

135717,84,46

136265,751,990

136568,615,211

137057,6,2

137252,50,44

137608,22,25

137622,121,85

139065,1272,1001

139371,711,680

139881,40,34

141360,20,30

141431,391,355

141597,23,10

141708,17,9

142466,14,27

142579,388,369

142693,354,307

142928,175,323

143415,753,821

143684,235,296

144336,524,457

145274,674,759

145488,530,166

146240,525,584

146890,71,58

146927,459,410

148486,20,11

148588,7,2

148982,90,76

149057,483,465

149356,801,775

149510,282,259

149839,14,13

149874,777,989

150987,3,4

151564,143,106

152460,341,380

152738,359,407

153470,806,805

153860,4,2

153953,21,12

154530,12,12

154595,71,18

155949,1439,1216

156090,161,410

156751,10,9

157405,844,722

157752,8,3

158009,898,737

158275,52,33

158293,67,62

159418,72,67

160360,16,1

160792,13,14

160977,1111,1026

161007,639,769

161195,243,321

161411,257,248

161417,44,37

161753,836,856

161781,22,7

162114,626,867

162188,133,124

162850,1158,966

163330,84,113

163738,21,15

163791,397,359

164193,6,2

164531,3,1

165079,484,408

165316,40,24

166250,15,18

166477,1078,936

166723,9,11

166900,1033,1044

167351,370,310

167470,21,14

167523,2,1

167642,551,448

168485,56,52

168587,778,818

168703,72,69

168789,59,57

168863,72,64

169442,542,462

169507,519,917

170550,884,1000

170586,514,431

171002,1020,1252

171132,43,50

171160,67,72

171206,728,996

171388,205,325

171900,78,80

173006,561,444

173216,442,423

173232,5,0

173339,187,137

173360,501,769

173627,585,435

173732,98,87

174727,209,190

174785,51,47

174974,834,947

175040,14,15

175908,1088,1005

176423,95,145

176566,585,250

176646,68,71

176710,95,91

177052,525,401

177631,845,804

178026,1102,787

178059,1785,1175

178726,51,30

179386,66,59

180277,11,13

180539,90,114

180661,32,19

180789,24,12

180883,791,687

181166,108,77

181968,24,7

182436,43,19

182577,80,80

182619,420,438

182729,1066,1079

183761,3,2

183920,83,69

184203,60,71

184216,72,63

184333,299,397

184573,58,53

185655,20,17

185737,887,949

186115,17,18

186352,308,108

186358,96,79

186726,91,54

187130,38,36

187421,669,908

187536,876,812

188246,270,346

188906,2,0

189670,41,23

189807,464,894

190615,46,40

190991,760,994

191505,7,2

191538,22,17

191700,338,428

191735,5,1

193091,17,13

193473,6,3

193521,85,74

193861,18,20

194084,61,73

194806,21,5

195083,71,71

195445,19,8

195712,1155,1078

196239,170,149

196389,1137,1133

197411,6,10

197786,17,9

197798,6,3

197811,155,178

198118,65,56

198966,892,942

199078,168,160

199491,256,252

200414,290,371

200818,737,659

200828,30,19

200851,194,190

202253,979,950

202739,1454,1210

203167,31,33

203184,16,23

203569,10,4

203875,819,810

204101,280,229

204236,9,16

204640,96,91

205315,40,36

205691,228,224

207136,46,56

207433,840,1032

207530,11,16

209259,799,1039

209419,18,17

211109,552,582

211199,495,133

211273,366,344

211472,316,320

211494,17,16

211669,86,100

212022,62,55

212756,270,205

213290,50,31

213408,53,35

213448,273,279

213721,408,173

213764,18,18

213991,758,694

214139,5,2

215251,79,100

215422,18,21

215461,520,417

215558,335,388

215789,4,4

216474,707,911

216531,22,27

217095,20,5

217208,37,42

217385,75,63

217701,22,16

218421,7,6

220592,471,223

221277,29,26

221973,564,693

223773,774,958

224120,305,370

224350,1066,1324

224538,103,97

224982,67,62

225889,78,71

226280,220,304

227163,94,85

227192,3,1

229011,204,193

229683,74,91

230313,173,111

230427,75,73

230498,68,165

231065,59,57

231643,101,69

231671,775,792

231868,29,26

232274,72,58

232333,21,17

232689,73,51

233092,1062,1285

233174,25,24

233486,45,17

233616,78,79

234320,89,102

234387,63,61

234695,1108,1160

234845,7,14

235226,13,22

235720,887,1233

235977,1187,1009

236229,429,382

236573,9,4

237551,411,351

237746,12,8

237750,291,236

238547,256,233

238673,886,725

238781,631,922

239133,473,589

239673,31,29

239721,34,87

239810,1084,1152

240120,91,97

240885,24,10

240939,159,414

241275,5,0

241443,767,738

241972,171,177

242193,694,1005

242353,13,17

242395,178,148

242631,81,68

242698,14,10

242900,167,209

242951,728,791

243764,1104,1272

244005,34,11

244444,1272,915

245129,17,8

245517,31,154

246035,23,25

246199,92,69

246860,8,10

246969,244,225

247384,98,77

248178,296,299

248850,88,55

249151,14,6

249267,16,9

250430,4,2

251134,63,58

251617,277,353

252538,935,1140

252556,7,2

252796,19,26

252841,461,542

253084,1053,1074

253178,29,35

253489,17,11

253762,15,11

254038,2,0

254095,635,222

254180,22,18

254897,209,173

256075,72,74

256603,835,1076

256649,1285,1016

257110,207,316

257276,32,22

257597,26,19

257896,803,850

258314,289,319

258464,18,8

258503,87,87

258938,79,78

259174,71,77

259551,331,367

260080,32,29

261021,34,22

261813,1046,1094

261886,75,72

262139,1073,909

262364,726,717

262404,1069,942

264185,30,15

264353,8,2

264848,763,705

265258,17,9

265730,342,328

265815,1152,926

265933,14,22

266162,959,1301

266345,147,95

266580,208,281

266621,534,339

266949,21,6

268563,78,96

268572,364,453

268856,334,277

268968,12,13

269197,72,69

269714,157,257

270128,1023,1002

270294,292,262

270842,70,71

271017,71,65

272033,9,3

272365,694,965

272420,15,16

272624,68,61

272963,80,69

273492,1234,1040

273501,15,14

273602,12,5

273748,16,24

274045,74,25

274315,5,3

274750,179,315

275872,79,85

277274,1079,890

277532,160,140

277583,405,366

278088,217,269

279070,66,65

279576,25,37

279658,20,13

279854,22,10

280103,53,68

280439,216,168

280620,582,572

281931,33,35

281976,1158,1176

283252,95,75

284296,54,50

284382,5,11

285462,59,55

285718,487,484

285969,776,804

286181,19,7

286210,817,1020

286391,14,6

286864,1130,920

286985,146,188

287114,33,8

287788,385,397

287831,21,11

287839,15,18

288909,483,421

288988,11,7

289181,59,76

289193,69,74

289210,378,445

289304,67,42

289513,87,85

290301,827,192

291118,664,917

291511,66,72

291785,990,916

292339,20,17

292402,79,75

292787,70,42

293426,70,63

293920,25,28

294921,816,1008

295158,83,89

295558,81,80

296722,845,868

297330,12,10

297403,91,87

297404,1059,994

297504,111,66

297564,8,2

297826,920,832

298495,1086,900

299728,144,166

299798,582,798

299987,13,15

300760,31,28

302008,54,52

302440,18,12

302477,59,44

302771,165,277

302897,222,148

302996,15,12

303603,179,172

304161,534,696

304586,89,82

304603,675,812

304726,74,62

305083,12,28

305293,651,417

306905,311,322

307824,84,90

308304,314,196

308426,583,605

308581,88,94

309261,169,218

309835,14,13

310080,108,104

311016,35,26

311417,117,107

312564,740,781

312794,2,0

313742,609,630

313835,81,74

314102,142,160

314497,16,16

316298,419,411

316610,303,358

316746,5,2

316875,577,300

317167,115,64

317411,11,17

317830,194,325

317834,606,984

317896,364,263

318235,546,715

318643,1089,1051

320947,93,95

321173,921,875

321247,782,854

321864,3,1

322191,23,9

323527,10,3

323893,13,20

324342,1194,1106

324556,355,325

325888,8,7

326279,14,8

327024,584,605

327752,105,91

327763,107,81

328117,76,92

328274,18,7

328350,20,14

328433,817,983

328657,48,59

330141,4,0

330178,20,12

331284,26,41

331408,106,161

332069,13,12

332770,232,209

333252,115,145

333343,41,40

333999,11,15

334793,4,2

335779,711,643

335895,24,52

336323,1083,868

336328,45,36

336338,336,347

336419,8,4

337056,49,37

337181,170,322

338530,270,286

339461,269,266

339736,14,7

339880,50,45

340699,19,19

340936,82,84

341755,321,359

342549,28,11

343437,918,1068

343480,449,410

343755,647,489

345237,9,4

345363,20,17

345382,441,484

345707,84,72

345853,499,641

346215,539,617

346310,195,246

346527,950,953

347424,74,75

347770,10,1

347780,23,23

348630,438,637

349307,647,838

349344,1104,1167

350693,15,5

350758,78,71

351143,657,711

352310,393,419

352434,51,48

353069,143,148

353226,803,842

353418,3,2

353561,904,1027

353701,160,99

353773,11,10

354785,90,54

355366,5,0

355786,25,22

356121,6,3

356487,14,19

356789,931,783

357125,414,165

357179,377,455

357245,966,998

357801,13,9

358018,250,233

358884,147,127

359044,3,0

359592,30,34

360036,126,102

360228,1025,1085

360845,505,374

361484,12,9

361919,8,9

364713,677,723

365151,217,302

365191,71,61

365242,56,50

365286,21,13

365456,7,14

365639,27,31

365667,69,80

366288,313,295

366480,775,194

366903,13,9

367517,241,181

368255,59,50

368330,27,26

372230,24,25

372243,24,16

372469,488,631

372482,62,76

373364,377,366

375148,5,2

375297,16,9

376187,480,537

376667,65,68

377623,12,11

377926,300,312

378443,369,300

378875,14,19

379254,735,843

380279,80,85

380502,81,71

380513,359,334

380913,16,8

381150,3,0

382206,16,10

382365,466,730

383012,670,776

383055,620,572

383251,25,25

383415,74,77

383458,281,336

383773,62,60

384823,64,71

386177,1095,896

386585,49,18

386611,16,15

386790,78,72

386827,20,23

387139,22,20

388355,138,145

388434,28,34

388680,3,0

388727,14,17

389537,34,24

390696,604,176

390831,390,117

391086,885,962

391338,111,71

392160,17,10

392180,17,9

392647,84,100

392869,547,798

393107,173,233

393696,640,699

394459,8,0

395338,309,381

395602,39,39

395694,4,1

398292,1296,862

398386,109,77

398618,50,44

398767,656,965

399441,399,372

399477,89,93

400052,10,15

400555,29,36

400873,23,24

401037,25,37

401350,14,9

403432,22,6

404079,15,11

404087,4,1

404385,65,60

405330,580,692

405378,728,829

405390,389,203

406542,99,75

406680,143,427

406800,827,899

406813,80,91

406891,647,460

407324,102,155

407458,21,12

408012,19,15

408230,193,207

408469,16,13

409211,998,980

410107,1582,1263

410149,67,71

410338,69,72

410439,151,269

410496,69,59

410505,577,629

411180,3,1

411231,19,19

411234,457,450

412000,173,91

412282,8,3

413484,71,71

413545,5,1

413957,322,253

414135,92,129

414676,365,354

414954,25,31

415925,19,11

416647,349,357

417205,9,3

417992,387,357

418150,1101,1026

418391,438,388

418973,91,138

419001,495,429

419652,1021,936

420195,9,4

420330,14,15

420345,320,308

421508,24,11

421589,8,1

421858,6,3

422105,50,82

422300,11,9

422675,495,471

422678,895,825

423283,14,12

423379,5,1

423861,18,11

424481,57,55

424786,435,305

425037,38,16

425748,761,1007

426192,502,421

427006,35,21

427249,965,831

427264,755,853

427660,80,71

427814,404,370

428152,18,14

428418,263,282

428579,905,1068

428879,65,67

428884,64,60

429138,788,857

429515,1312,1078

430144,81,75

431086,32,19

431101,13,6

431280,41,40

431551,4,3

431836,151,135

432035,38,37

432089,969,1149

432283,106,132

432979,98,67

434275,9,5

434962,67,63

435700,5,3

436515,76,69

437077,30,26

437652,217,189

438261,72,69

438330,433,402

438450,51,18

438619,10,13

439136,1074,984

439328,4,2

439907,2,1

440242,4,1

440437,269,297

440632,907,958

441038,25,33

441197,956,928

441755,73,78

442451,23,18

442914,73,67

443085,27,25

443711,23,14

443721,151,203

444008,7,4

444736,5,0

444761,146,224

444832,1163,1044

444898,387,376

445691,21,15

445819,504,104

446479,72,54

446674,77,54

447903,65,62

448786,820,1002

448949,27,3

449821,115,190

450348,519,760

450370,616,692

450819,11,9

452016,47,45

452524,18,17

452530,154,205

453105,268,371

453253,653,625

454357,761,737

454363,409,351

454584,449,366

454685,390,390

454864,729,412

455359,198,267

455752,230,242

455984,14,16

456718,843,903

457576,39,58

457590,95,72

457620,16,7

457705,446,363

458709,50,35

458971,442,106

459390,9,13

459482,252,72

459917,74,79

460630,6,1

460714,1146,820

461118,79,74

461649,532,356

461824,301,277

462275,13,10

462663,854,778

462736,123,224

463272,360,425

464613,2,1

464830,902,686

464866,71,73

465562,204,316

465739,32,25

465853,15,12

465988,356,134

467088,13,14

468233,12,1

468242,214,208

468827,20,10

469017,51,30

469296,65,58

469357,1,0

469815,1082,911

470762,597,734

470906,118,211

471085,13,7

471413,75,75

471557,31,26

473009,644,417

473365,6,2

473436,72,62

473528,5,0

473848,805,862

474236,246,169

474279,258,277

474586,16,13

476635,30,10

476784,19,12

477168,45,38

477899,558,711

478052,6,4

478368,599,855

478470,305,407

478917,705,745

478984,726,169

479245,462,709

480467,206,230

481495,281,309

481736,7,2

482740,721,664

483053,589,879

483264,547,518

483809,89,31

484248,935,970

484387,356,313

484561,605,476

485035,20,15

485069,253,431

485596,435,372

485704,69,72

485991,409,388

487431,654,832

487563,189,222

487752,84,95

487862,82,69

488095,16,14

488651,68,63

490354,17,15

491520,61,54

491616,46,48

492054,657,866

492127,16,14

492765,19,19

493093,238,142

493160,575,397

493894,9,8

494142,7,2

494243,740,979

494245,22,6

494254,309,336

495341,436,717

495930,415,411

496306,15,14

496679,17,11

496882,85,94

497376,84,80

497520,583,677

497553,7,1

499898,33,34

500247,17,20

500451,281,220

500535,53,47

500985,23,29

501107,22,20

502769,36,34

502950,837,681

503736,1146,1142

503822,12,6

503970,77,110

504194,58,90

504300,1168,978

504450,18,9

504575,104,182

504779,850,901

505079,18,8

505182,68,74

506678,703,717

507059,503,374

507179,771,956

507257,82,83

507619,324,256

508400,451,320

509187,73,61

509358,371,327

509717,66,59

509878,213,298

510196,202,219

510274,810,784

510394,183,156

511389,337,189

511781,903,982

512390,1202,1146

513541,74,108

514260,1007,994

514438,1100,849

515169,384,294

516024,30,19

516060,318,340

516135,8,3

516163,16,14

516393,934,1020

516710,1273,1399

516961,949,921

517737,921,1026

518085,77,70

518508,814,834

518531,199,180

519469,1269,1060

520046,7,1

520054,103,94

520109,19,12

520524,74,69

521692,13,13

521943,18,25

522186,65,59

522249,22,25

522415,14,8

522453,26,24

522711,67,57

523017,570,721

523378,226,262

523641,120,47

523977,8,3

524412,4,0

524698,1870,1196

524889,38,47

525323,979,978

525407,492,422

525690,79,77

525828,15,15

526376,1018,1054

526691,69,62

526913,548,450

527263,604,539

527693,42,14

528061,581,487

528530,25,16

530267,594,146

530908,1173,968

531144,64,69

531348,7,8

531824,219,250

532000,851,194

532442,41,32

533015,60,58

533435,1341,1035

533656,36,16

533798,1292,1163

534971,53,49

535082,78,54

537575,442,341

538711,14,6

539005,529,356

539017,4,3

539385,81,72

539386,160,164

539617,14,6

539865,359,154

540014,1136,1072

541401,605,855

541576,296,430

542750,337,399

543291,25,18

544138,721,689

545151,92,80

545196,7,1

545873,287,311

545903,1124,1120

546233,423,390

546321,73,37

546488,171,254

546558,29,28

546597,554,184

548154,479,488

548950,19,10

549068,8,1

549257,13,16

549399,526,473

550165,12,14

550826,1092,938

551078,64,61

551928,301,273

552191,22,12

552852,12,16

552932,11,21

553002,1005,925

553559,16,20

554218,5,1

554372,1074,1103

555364,996,1010

556071,75,59

556094,61,59

556129,32,30

556195,88,68

557591,368,365

557608,6,3

557868,84,64

558149,63,62

558950,32,11

560100,5,1

560114,293,266

560144,801,852

560161,1126,1025

560932,9,7

560979,8,6

561319,1089,966

561527,444,453

561890,312,305

562597,89,59

562858,238,289

563175,168,388

563231,918,1023

563405,37,20

563574,585,759

564169,27,25

564293,11,9

564947,295,298

565351,57,54

565489,316,108

565653,8,4

565854,70,54

566139,1431,1105

566577,42,60

567024,30,40

567030,782,948

567412,181,198

567534,154,218

567905,1039,969

568190,1398,1305

568781,385,682

568852,79,71

568910,633,448

569511,36,36

569764,65,69

570267,82,69

570744,88,94

571588,9,2

571655,229,108

572357,87,81

572516,504,659

573534,3,1

573722,84,102

574013,600,491

574204,1119,1086

575073,8,4

575123,197,203

575148,10,7

575701,26,28

575771,280,233

576639,64,99

576640,34,19

576890,8,6

577094,23,38

577530,68,41

577571,17,10

577826,853,802

578583,25,32

579170,20,11

579220,589,474

579394,1023,1017

579597,861,737

579650,902,823

579661,102,83

579897,17,17

579996,297,317

580137,582,628

580461,217,286

580645,30,31

580785,872,914

581500,72,60

581794,782,1028

582578,861,810

583339,760,894

584006,30,31

584127,698,933

584558,33,32

584668,33,27

587055,13,9

587327,284,278

587358,78,56

587474,1048,926

588165,18,15

588529,12,15

588816,39,26

589093,20,12

589095,978,1200

589222,19,18

589598,990,1046

589678,45,31

590342,411,459

590484,483,564

590704,15,10

590785,40,61

590830,226,362

590879,13,13

590966,87,85

591012,517,810

591023,890,938

591107,55,72

591335,347,131

591387,579,734

591590,89,82

591820,688,662

592271,13,15

592404,16,7

593157,4,1

593798,4,1

594168,535,876

594316,5,2

595511,269,252

595748,77,77

596000,9,3

596077,28,37

596157,45,51

596302,511,376

596466,41,20

596672,1,0

597146,20,21

598893,28,16

598965,756,763

599804,32,20

600044,101,91

600223,863,1140

600577,40,49

600636,22,47

602296,934,869

602428,188,214

603369,300,310

603629,55,51

603920,23,24

604465,156,252

605020,5,3

605197,66,73

605486,14,9

605746,976,969

606198,26,22

607389,329,438

607632,47,51

608482,3,2

608616,395,488

609246,950,1021

609983,22,22

610043,28,16

610091,13,7

610522,24,11

610755,462,216

610835,13,14

611007,660,673

611316,620,933

611642,337,379

611678,994,1074

611818,488,370

612084,68,72

612108,15,11

612324,115,119

612457,695,1040

612957,61,64

613217,21,15

613690,769,750

613750,216,113

613971,150,153

614566,64,61

616088,849,756

616186,497,479

616452,18,22

616886,107,161

617164,153,208

617679,857,566

617788,64,52

617956,82,78

618278,248,316

618285,912,877

618369,8,2

618380,82,75

618463,63,45

618651,668,386

618704,525,553

618887,367,105

619064,13,8

619071,149,259

619203,977,798

620091,279,295

620186,50,139

620366,360,373

620478,62,56

620669,65,61

621475,16,15

621499,65,69

621937,372,294

622026,584,375

622595,70,69

624494,89,86

625158,336,266

625907,431,733

625981,67,44

626177,188,237

626433,7,4

626672,376,247

626870,467,678

627051,8,12

627378,20,11

627626,452,157

627904,58,64

628480,5,1

629023,10,7

629280,557,812

629339,28,17

629483,1017,845

629585,20,34

630239,618,737

630410,50,28

630509,78,122

630581,400,367

631340,408,331

632424,578,744

633081,7,4

633338,597,812

633804,22,10

634474,12,6

634799,21,2

635075,86,75

636567,319,420

637018,382,297

637270,96,91

637544,70,62

637839,4,1

638668,16,8

638913,65,63

639148,25,7

639330,302,402

639466,78,76

639721,77,84

639730,4,1

639853,14,12

640518,400,379

640611,629,483

640904,237,196

641026,608,454

641397,71,63

641876,306,424

642151,197,113

643447,36,33

643897,316,430

643918,273,249

644080,506,690

644244,159,154

645006,280,213

645418,19,13

646143,222,193

646317,765,890

646837,17,29

646993,4,2

647535,429,283

647574,2,0

647751,103,75

647774,50,24

648000,41,57

648793,26,9

648829,6,13

649032,19,21

649981,249,229

650064,98,75

650127,78,69

650501,76,57

651242,27,12

651835,392,377

651950,93,95

653824,25,16

655459,61,60

656123,59,56

656163,513,383

656653,19,7

657666,304,66

658367,25,29

659085,262,244

659110,51,66

659115,78,64

659239,1028,1089

659383,90,85

659961,34,53

660201,19,31

660563,871,927

661855,7,1

662057,27,47

662174,59,59

662758,103,90

662986,1520,1060

663266,74,65

663299,16,22

664161,690,821

664389,232,290

664771,24,15

665331,553,481

665529,62,59

666974,7,3

667374,343,288

667855,836,728

667963,103,69

667990,21,9

668484,35,37

668651,227,295

668662,45,46

668846,16,10

669018,13,14

669058,18,13

669571,112,92

669589,13,15

669970,41,26

670320,24,22

670536,428,379

670542,552,518

670911,17,19

671520,1132,1035

671599,7,3

671740,22,8

672011,67,73

672240,27,21

672425,5,1

672552,4,1

672720,21,15

672918,1010,1016

673451,369,496

674176,77,68

674451,1427,1425

674952,76,68

675561,10,3

675612,79,72

675710,26,13

675842,15,14

676308,899,911

676667,72,62

677351,806,793

677461,985,790

678246,80,69

678292,625,679

678336,909,1004

678625,16,11

679297,188,183

679320,252,237

680083,14,5

680225,658,630

680236,64,59

680685,22,29

681120,230,320

681153,24,17

681480,43,23

681821,43,35

682565,926,797

682679,151,119

682722,147,222

683323,21,36

683399,27,26

683940,17,31

684239,18,26

684744,12,6

684948,22,22

684997,68,73

685004,387,378

685104,934,918

685539,231,203

685622,711,793

685846,1113,1201

685884,463,480

686125,15,12

686158,278,341

686397,65,57

686826,218,235

687631,471,460

688449,35,31

688908,1485,1247

689322,767,885

691411,16,14

692535,424,770

692554,315,264

692637,13,14

692659,33,26

693134,29,21

693455,59,64

694152,569,601

694154,17,30

694319,641,726

694491,14,2

694782,279,316

695426,448,379

695875,9,13

696335,182,153

697057,360,296

697697,62,67

697951,10,7

698208,220,174

699592,210,286

700316,1019,1247

701095,367,215

702236,53,50

702461,482,556

702567,4,2

703276,10,7

703296,876,907

703402,171,169

703473,12,12

703648,587,845

703792,78,70

704004,111,86

704292,7,2

704362,583,676

705064,3,0

705530,20,12

706049,31,28

706748,1204,1248

706796,270,153

706989,385,306

707755,10,50

708075,62,42

708080,775,795

708201,680,911

708467,276,282

708696,2,0

709279,70,58

709833,33,15

709900,7,1

709950,499,419

709987,870,1155

710220,67,61

710414,126,143

710800,614,847

710974,367,284

711089,424,408

711179,157,148

711301,22,15

711778,424,442

711985,625,933

712118,783,212

712157,4,4

712357,127,80

712463,7,2

713503,1014,934

713519,71,62

714076,33,37

714084,77,76

714380,833,734

715273,29,41

715332,19,14

715390,840,792

715722,70,71

716093,156,198

717052,18,21

717220,674,690

717547,685,675

717915,20,17

718149,19,17

718222,37,35

718374,994,1152

718607,589,642

718773,132,155

718834,16,28

719374,350,324

720741,695,626

721425,61,64

722741,297,284

722802,11,13

723223,564,751

723831,152,115

724229,410,432

724568,1046,1107

724670,765,663

725019,73,80

725044,19,22

725128,443,329

725553,1132,943

725559,108,96

726657,61,33

726680,43,10

727222,537,490

727327,37,14

727598,144,189

727998,652,609

729373,179,218

729972,892,1186

730487,40,56

730966,38,38

731228,112,156

731443,880,859

731757,25,32

731824,1128,1172

732210,340,112

732943,29,12

732959,656,544

733140,947,775

733475,285,150

733520,987,985

733929,287,323

734180,179,216

734261,688,142

734279,790,849

734303,9,7

734441,82,88

735026,79,65

735230,15,18

735396,23,39

735424,166,232

735477,38,23

735688,333,291

736288,2,1

736972,284,351

737440,31,40

737536,88,96

737575,748,856

737782,326,292

738239,70,89

739028,984,706

739490,1390,1269

739635,286,355

739949,693,631

740139,9,2

740577,9,8

741636,9,0

742301,771,780

744541,339,335

744841,359,378

744879,19,17

745214,176,206

745324,5,3

745640,56,53

746010,31,20

746692,496,457

747001,873,1221

747550,36,35

747874,414,360

747901,12,23

748578,1206,1142

748592,822,918

748719,837,839

748757,753,712

749044,18,14

749107,730,807

749426,28,26

749491,46,22

749964,11,16

750083,75,82

750163,3,2

750190,30,36

750540,4,0

750693,1204,943

750724,17,15

751494,61,56

751565,25,13

752224,67,69

752231,13,8

752256,3,3

753092,18,6

753372,1185,1248

753593,22,10

753931,855,808

754017,495,160

754119,215,441

755373,399,308

755524,986,953

755541,325,434

755768,420,357

755822,113,208

756153,254,207

756638,792,740

757027,21,5

757419,610,537

757845,1058,740

757916,48,28

757980,190,210

758110,1083,881

758460,28,23

759250,278,437

759648,1105,1057

759761,405,405

760316,44,25

761614,22,20

761789,284,336

762473,448,352

762721,1150,1192

762846,945,846

764158,59,45

764663,16,12

764970,842,943

765755,76,71

765795,593,160

765962,777,635

766183,61,58

766218,3,1

766410,1250,1171

766649,26,38

767829,3,7

767871,1170,1250

768020,726,753

768546,827,893

769128,333,263

769171,2,1

769234,8,2

770252,13,8

770488,394,124

770923,5,1

771525,216,201

772368,837,701

772800,375,433

773058,40,48

773784,107,83

774775,190,220

774876,19,27

775072,1035,786

775288,558,178

775678,65,68

775758,75,70

775927,74,62

776834,1124,948

777006,16,17

777056,215,247

777133,566,898

777171,68,72

777421,15,8

777486,348,350

778360,8,11

778821,17,18

779535,200,283

780030,274,302

780190,6,2

780234,1026,972

781143,735,839

781307,809,843

781473,835,749

781799,52,60

782351,58,50

782566,350,381

782664,76,65

782811,16,12

782954,116,93

783769,207,266

784799,1167,1069

784943,574,654

785278,17,10

785288,959,947

785770,1221,1184

785897,780,443

786325,585,470

786425,7,2

786972,39,16

787796,845,955

788040,304,356

788374,17,9

788576,23,15

788735,212,192

788910,37,27

789165,37,32

789216,335,351

790574,213,213

793595,10,11

793673,16,12

793703,77,78

794134,1284,1141

794235,85,77

794282,198,156

795160,396,328

795257,387,230

795931,18,10

795970,81,70

796138,991,996

796408,1394,1177

796658,593,216

797308,53,46

797787,11,4

798854,79,109

798869,819,944

799114,24,31

800016,711,960

800018,466,384

800528,43,45

800878,218,280

801862,169,169

801953,692,684

802172,35,40

802388,20,16

802986,455,372

805298,1024,768

805435,22,14

805707,1350,1144

805788,286,289

805939,1267,926

806371,83,59

806727,269,119

807245,800,679

807358,359,429

807810,265,355

807812,234,252

808776,8,0

808815,73,62

809231,55,37

809255,29,19

809385,930,762

809736,563,723

810123,1183,1049

810212,4,2

810392,77,75

810496,8,3

810677,39,41

810735,1067,881

810843,20,7

810862,153,153

811009,5,3

811356,34,10

811361,11,12

811616,5,1

811679,71,44

812073,24,27

812224,28,2

812472,14,7

813636,976,1082

813641,74,68

813863,186,227

814313,54,54

814523,346,321

814577,85,69

815184,54,63

816045,1044,852

816196,799,897

816550,12,13

816686,3,0

816813,81,67

818140,310,242

818338,1026,940

818411,38,22

818720,28,43

819081,24,40

819126,11,1

821075,93,206

821721,674,965

821837,525,532

821874,226,246

822775,15,7

822936,49,46

823565,20,22

823949,79,74

824298,852,1036

825258,90,102

825466,690,802

825652,5,2

825722,599,728

826185,868,905

827020,79,72

827113,39,16

827231,5,1

827251,6,3

827522,1205,1048

827800,1319,1152

829257,23,31

829460,16,15

829904,303,155

830650,471,479

831214,245,436

831322,16,14

831670,394,287

832080,81,83

832505,12,7

832662,504,648

833015,26,12

833204,277,411

833388,858,981

833413,2,0

833459,17,6

833743,58,54

834723,96,90

834954,37,23

835786,218,161

835984,15,15

836420,12,17

836515,10,9

836620,855,1134

836726,3,0

836758,11,17

837587,236,352

837846,1121,1059

837947,25,20

837989,65,59

838026,130,146

838237,1187,1154

838722,537,163

838917,817,894

839308,102,81

839322,826,902

839736,10224,10223

840358,20,9

841206,1329,1139

841314,260,224

841552,31,29

842645,12,28

842853,958,819

843142,11,2

843206,305,343

844016,13,15

844301,19,17

844319,78,73

845051,210,221

845135,7,2

845407,97,80

845597,186,208

846280,115,191

846631,44,40

846638,852,865

847239,259,410

848245,21,10

848800,256,373

849110,79,73

849388,78,79

849521,64,59

850324,13,7

851281,598,136

851555,347,259

851838,73,65

852542,181,192

853432,84,81

853917,67,71

854137,20,15

854271,16,13

854341,7,0

855137,48,45

855159,236,270

855493,12,13

855712,59,53

856067,1208,1055

856425,77,76

857824,60,59

858902,1108,1156

859038,5,1

859113,69,85

859626,342,432

860381,1,1

860426,85,73

860772,371,314

861665,8,6

861673,39,39

861939,66,55

862889,4,3

863011,7,2

863916,17,25

863925,328,409

864018,79,79

864634,43,43

864696,198,431

864833,71,63

865604,366,447

866007,14,3

866580,85,83

866988,393,382

867873,60,56

868222,18,6

868391,774,834

868805,791,758

869478,23,16

869640,484,462

869906,7,10

870289,20,10

870379,93,73

871111,679,820

871333,30,13

871433,105,169

871450,369,93

871672,64,59

872187,15,11

872585,74,41

872624,72,74

872825,715,644

873104,995,1225

873143,36,13

873560,16,6

874070,46,43

874447,19,9

874887,837,791

875263,457,398

875548,63,59

875863,668,759

876501,267,277

876572,1027,968

877947,92,83

878118,45,18

878281,94,173

879534,61,59

879813,161,92

880093,11,17

880619,56,18

881043,21,9

881249,585,160

882208,1026,1131

882360,69,67

882743,1125,1072

883270,824,710

883588,55,57

883776,654,778

884260,49,48

884342,64,48

884409,3,1

884921,21,12

885164,13,11

885299,56,55

885546,546,650

885675,75,67

885725,70,70

886397,20,15

886431,22,15

886959,89,75

887962,58,47

888391,7,4

889064,576,159

889616,292,290

890800,60,61

891094,8,17

891466,62,106

891798,1019,927

891979,1272,1113

893229,20,9

893388,857,882

893833,29,23

894080,22,8

895792,14,23

895998,9,3

896061,63,62

896242,66,71

896394,78,70

896476,126,172

896600,16,18

896833,80,79

896882,563,759

896994,447,419

897528,98,62

898576,284,234

900405,68,61

901297,307,350

901374,403,376

901536,203,230

901652,4,1

902299,13,11

902702,1142,1168

902902,17,11

903174,34,15

903262,1357,1531

903704,46,30

903769,15,8

904007,1,0

904030,156,156

904228,1448,1285

904716,114,127

906308,456,134

907043,860,1135

909048,13,2

910050,20,9

910527,493,483

910939,909,828

911140,860,1022

912123,59,33

912353,1263,1186

912624,16,17

913258,733,643

913508,206,370

913511,135,69

913806,356,417

914298,1202,1244

914653,666,671

914682,48,54

915755,18,19

916271,251,304

916428,80,82

916602,134,118

916734,11,3

917279,19,18

917809,6,5

918004,18,9

918404,427,439

918738,1273,929

919293,53,31

919488,73,73

919500,731,401

919709,710,947

919861,47,32

919935,269,244

920852,22,21

920903,919,993

921294,94,84

921389,22,26

921586,908,936

922250,527,667

922325,252,267

922332,23,13

922955,97,69

922969,143,171

923068,14,16

923554,522,156

923585,698,753

923760,92,112

924187,650,827

924388,22,8

925094,88,74

925219,4,2

925670,388,381

927280,295,314

927415,1027,1008

927542,256,248

928260,972,960

928330,87,67

928667,1098,1222

928842,85,81

929454,893,972

929682,1181,1216

930115,19,19

930161,14,18

930385,749,995

930531,1200,1075

930960,4,2

931049,779,883

931476,177,146

932649,17,15

932654,920,882

932733,239,314

932809,17,15

934306,108,116

934704,29,23

934929,186,239

935776,653,799

936244,280,243

937230,512,445

938574,2,1

938700,19,16

938712,291,243

939176,907,890

939295,777,932

939374,64,72

939665,66,60

939891,81,69

940341,36,21

940564,72,68

941146,304,304

941228,1059,1073

941235,3,1

941481,243,261

941906,736,957

942085,97,108

942089,22,23

942451,57,63

942816,6,2

943291,26,6

943665,358,322

943910,67,60

944133,21,23

945257,507,681

945534,1482,1278

946134,6,2

946369,829,211

946866,1,0

947258,238,269

947320,415,830

947415,23,26

947419,5,3

947678,124,88

947796,13,14

947820,77,82

948452,3,0

948459,13,11

949503,26,26

950532,868,996

950729,6,3

951941,414,673

952202,9,15

952542,1340,1022

953237,979,1085

953272,5,1

953336,885,692

953651,97,135

953838,8,3

954277,75,70

954782,10,10

954958,1227,1121

955141,973,1037

955624,6,5

956179,10,10

956264,1528,1527

957350,18,14

958301,32,30

958399,38,35

958832,377,351

959623,138,105

961328,45,8

961383,887,953

962058,6,9

962171,285,341

962457,29,26

962522,9,2

962936,23,24

962998,1151,991

963148,711,913

963248,325,374

963249,892,1046

963275,75,70

963448,175,174

965666,1099,954

965731,1372,1113

966068,93,88

966340,784,903

966656,30,21

966736,926,765

967020,140,110

967137,13,10

967171,96,108

968110,6,3

968310,13,15

968830,734,742

968967,569,504

969097,621,395

969256,7,3

969451,23,15

969502,78,75

969955,60,63

970012,265,313

970160,800,1015

970490,1175,887

970547,590,673

971422,929,911

971995,61,54

972171,166,330

972383,495,300

972519,881,910

973062,166,161

973383,18,17

973520,28,24

973673,1007,1012

974019,834,953

974088,32,28

974401,4,2

975742,634,654

976199,223,272

976760,68,65

976932,8,12

978154,17,4

978367,875,830

978435,306,368

978753,16,7

978893,17,10

979599,16,17

979804,13,4

980276,841,668

980712,695,194

980947,56,60

980953,993,985

982081,49,64

982260,566,759

982738,22,14

983170,369,358

983590,422,455

983949,313,359

983958,51,96

984014,41,40

984067,86,69

984542,2,0

984561,1417,1221

984793,588,508

985107,122,130

985277,876,914

986349,767,696

986641,15,12

987019,59,52

987300,15,9

987495,26,21

987998,20,13

989326,26,13

989438,120,86

989604,18,15

990296,3,4

990811,5,2

992045,1108,1024

992263,788,703

992800,73,71

992928,14,16

994072,307,424

994461,57,44

994583,6,2

995292,31,20

996258,16,16

996950,75,78

997101,6,4

997755,1036,951

998036,29,27

998192,68,60

998537,56,32

998575,19,12

999011,79,92

999107,88,127

999764,1136,1150

999970,22,30

1000618,27,22

1000708,14,11

1000788,105,66

1001533,19,11

1001992,886,1031

1002250,835,949

1002385,183,108

1002882,663,702

1003120,12,6

1003128,760,650

1004399,1358,958

1005456,66,63

1005479,109,193

1006879,152,275

1007694,93,80

1008021,57,56

1008236,5,1

1008448,616,791

1008801,59,53

1008896,284,345

1009525,7,1

1009817,79,66

1010003,1048,945

1010409,13,9

1010543,71,65

1010658,109,71

1010732,658,761

1010763,270,381

1010817,10,13

1010841,644,723

1011112,17,15

1011289,347,120

1012919,188,214

1012935,444,384

1013087,30,18

1013417,29,15

1013683,71,65

1013867,67,22

1014319,287,367

1014712,474,874

1015059,531,376

1016471,48,28

1016590,21,11

1016895,11,9

1017423,1000,975

1017662,15,7

1019429,73,20

1019827,232,124

1020418,348,345

1020918,343,287

1021169,721,1146

1021800,46,21

1021931,665,720

1021963,829,644

1022105,1271,1110

1022441,20,15

1022662,41,32

1023477,748,811

1023506,326,345

1023869,129,67

1024520,8,10

1024884,959,997

1025037,30,6

1025406,9,4

1025781,30,26

1027276,50,52

1027294,557,711

1027483,5,12

1028027,690,789

1028085,404,389

1028749,606,201

1029542,18,10

1030196,544,758

1030776,264,212

1030805,14,7

1030897,7,4

1031660,25,14

1031879,858,804

1032029,709,988

1032283,573,263

1032514,337,113

1033375,32,27

1034308,929,999

1034322,89,24

1034332,80,68

1035530,17,8

1036789,1088,909

1037962,37,134

1038231,3,1

1038396,70,65

1038617,1,1

1038735,29,32

1039362,97,65

1039702,58,55

1039753,819,996

1039958,709,624

1040124,337,289

1042844,310,291

1044665,19,12

1044979,287,290

1045021,1570,1034

1045382,1090,952

1045438,308,290

1046264,81,72

1046518,19,12

1047819,188,218

1048798,433,338

1048959,68,67

1048966,485,254

1049103,51,39

1049333,18,14

1049446,742,913

1051641,19,21

1051684,81,62

1052726,25,16

1052740,23,19

1052920,4,2

1053403,19,10

1055579,186,152

1055682,221,271

1057485,25,10

1058549,658,604

1058571,57,51

1058644,60,55

1058673,99,90

1059177,18,1

1059462,1229,1239

1059623,81,56

1059914,506,439

1060589,83,69

1061215,152,165

1061759,3,1

1061778,81,83

1063223,241,322

1063750,3,1

1063806,33,35

1065048,58,52

1065547,23,13

1067283,57,53

1067814,716,858

1067956,36,21

1068817,854,801

1068896,278,240

1069800,69,102

1070212,493,677

1070531,15,6

1070639,18,21

1071486,359,331

1071690,343,389

1072382,161,248

1072884,2,0

1074159,1098,1124

1074970,1,1

1075202,20,24

1075446,168,206

1075494,517,563

1076254,106,104

1076477,719,623

1076581,171,326

1078353,846,1035

1078699,227,186

1078759,60,56

1078883,8,10

1079011,15,8

1079812,23,13

1079864,379,154

1080738,614,362

1080834,13,8

1081096,399,285

1081484,943,194

1081552,12,3

1082022,66,91

1082547,697,860

1084500,206,153

1084503,948,797

1084959,858,1225

1085806,3,0

1086053,28,8

1086187,1240,952

1086360,1184,749

1086519,650,695

1087254,60,56

1088140,461,413

1088488,298,393

1088533,61,42

1088607,20,23

1088678,36,23

1089191,10,4

1089690,18,7

1089795,31,34

1089925,572,464

1089957,76,63

1090434,455,420

1090736,220,363

1091602,6,3

1091991,965,1064

1092525,9,6

1092832,692,1020

1092913,79,61

1093055,1038,806

1093081,40,29

1094071,243,303

1094961,248,331

1095099,9,2

1095102,37,60

1095420,1200,1118

1095464,5,2

1095836,11,18

1096420,91,78

1097988,5,2

1098136,16,2

1098358,743,783

1099240,218,307

1099345,10,5

1099687,15,13

1100159,815,583

1100326,19,8

1101472,526,623

1102394,30,12

1102428,535,767

1102435,662,445

1102616,1500,1140

1103520,11,19

1103750,58,55

1104264,82,48

1104900,691,668

1104960,91,86

1105197,1055,978

1105201,770,772

1105427,78,72

1106029,94,77

1106410,517,160

1106618,79,67

1106652,207,366

1106999,8,4

1107067,18,18

1107698,79,68

1108132,276,284

1108405,684,975

1108483,86,228

1109022,15,14

1109173,30,46

1109328,11,19

1109827,19,14

1110065,1141,950

1111313,801,1008

1112165,891,1026

1112410,60,55

1112414,19,9

1113108,503,450

1114109,402,657

1115809,14,7

1115813,13,7

1115836,723,1007

1115919,36,29

1116214,94,61

1116329,1289,1020

1116730,58,63

1117699,91,75

1118027,1378,1257

1118070,15,9

1118450,59,57

1118800,65,54

1119534,74,85

1119879,82,33

1120951,18,15

1121338,629,729

1122128,481,365

1122884,1,0

1123691,36,18

1124046,218,158

1124207,658,675

1125378,920,1095

1125646,344,176

1126251,9,0

1126403,17,13

1127216,11,5

1128373,564,485

1128427,70,61

1128455,70,80

1128580,991,854

1128869,535,1031

1128912,9,6

1130119,247,415

1130496,836,673

1131984,37,25

1132076,101,123

1132521,22,31

1132882,13,2

1133806,108,189

1134427,38,7

1134821,8,5

1134897,57,57

1135093,6,4

1135276,565,198

1136377,6,0

1136565,637,476

1137349,12,5

1137840,837,1178

1138286,238,283

1138323,51,55

1138406,25,20

1138947,740,752

1140349,208,173

1140651,9,4

1140789,5,1

1141915,16,20

1142232,227,193

1142377,350,383

1142491,1225,1013

1142698,58,53

1143027,19,8

1143242,58,28

1143660,16,18

1143856,728,916

1144228,76,78

1144531,112,91

1144598,339,157

1144742,19,21

1144933,1076,952

1145752,69,67

1146036,268,347

1146756,33,57

1146988,11,13

1147405,54,70

1147927,56,50

1148243,17,8

1149522,281,268

1150627,1061,1112

1150798,623,789

1151517,30,25

1151635,72,83

1151723,16,12

1152327,13,12

1152728,1026,860

1153044,586,716

1153287,534,372

1153455,279,307

1153486,94,99

1153615,796,1000

1154170,482,517

1154245,21,14

1154392,18,21

1155184,83,74

1155253,201,154

1155277,1286,1024

1155470,13,12

1155666,63,16

1155936,30,22

1155997,337,162

1156155,63,65

1156557,76,88

1156938,910,1180

1156947,10,2

1157581,335,377

1158442,483,320

1158920,780,739

1159022,401,423

1159180,710,712

1159254,232,110

1160464,53,50

1161861,468,395

1161889,1242,1060

1162449,75,68

1162853,34,34

1163644,17,10

1164481,87,81

1164505,55,51

1164697,182,106

1164755,8,1

1164974,1209,1006

1165018,5,0

1165425,643,939

1166692,153,65

1166845,29,24

1167284,74,61

1167555,267,253

1168221,24,23

1169163,67,41

1169440,609,757

1170077,306,235

1170107,856,1056

1171139,302,272

1171383,651,683

1171434,1447,1130

1172049,13,16

1172699,30,57

1173017,442,395

1173915,207,285

1174742,174,160

1174929,57,51

1174961,14,11

1175862,38,20

1175874,883,894

1175999,12,16

1176471,1450,1009

1177549,428,510

1178195,735,904

1178625,129,91

1179471,613,154

1180391,24,13

1180630,171,214

1180872,24,17

1180904,20,11

1180958,220,309

1181068,1036,1062

1181119,42,45

1181888,465,187

1182162,67,96

1182208,307,271

1182572,7,9

1182901,55,53

1183766,75,83

1183890,9,4

1184365,424,360

1184905,19,32

1185003,205,381

1185012,38,34

1185685,59,70

1185688,88,91

1186622,15,5

1186904,291,430

1187304,1,1

1187902,75,79

1188657,36,28

1188959,15,9

1189267,11,12

1189602,6,2

1189797,67,67

1190250,5,1

1190482,73,77

1191555,15,16

1191716,1082,1255

1192199,1225,1205

1192446,856,803

1192448,655,744

1192765,16,24

1193497,497,398

1193880,62,56

1194932,12,18

1195226,350,170

1195307,282,297

1195510,2,0

1195555,852,1147

1195660,15,11

1196189,1465,1210

1196253,26,11

1196426,78,89

1196473,69,67

1196605,5,4

1196711,317,252

1198261,863,991

1198310,3,0

1198534,467,212

1198950,326,477

1199501,682,767

1199860,136,81

1200333,1233,1214

1200605,10,7

1200858,18,9

1200871,467,443

1201079,28,27

1201562,118,71

1201653,1294,1330

1201815,36,26

1201916,10,5

1202675,446,583

1202957,68,56

1202975,73,108

1203064,1104,759

1203179,686,906

1203180,242,273

1203480,663,897

1204799,21,21

1205005,35,39

1205101,307,254

1205744,62,59

1206784,1140,950

1207403,314,173

1207949,21,12

1207988,74,69

1208350,723,817

1208756,1272,1041

1208918,436,424

1209234,208,259

1209474,10,16

1209628,33,45

1209830,11,8

1210589,282,281

1210755,37,16

1210985,868,1054

1211295,53,52

1211560,28,17

1212680,249,277

1212693,26,33

1213907,782,871

1214082,3,0

1214692,593,967

1215114,57,44

1215188,78,109

1215897,1280,1044

1215996,10,9

1216041,23,9

1216196,26,14

1216859,32,25

1216882,41,34

1217112,94,95

1217734,11,19

1217774,15,6

1218201,20,22

1218398,1185,981

1219287,71,94

1219590,767,917

1219615,26,17

1220077,93,79

1221080,1166,1217

1221432,8,4

1221553,524,319

1221593,22,13

1221753,263,277

1221844,21,23

1222479,11,17

1223310,811,881

1223353,88,77

1223634,8,2

1224245,867,851

1224859,67,62

1224921,28,20

1225156,14,9

1226244,236,303

1226336,972,949

1226515,76,68

1227009,512,499

1228166,950,879

1229067,2,0

1229137,1261,960

1229466,75,72

1229505,21,14

1230079,73,72

1230425,4,2

1230925,222,301

1231046,669,922

1232939,8,1

1233136,15,5

1233506,97,85

1234191,70,66

1234698,1174,1012

1234713,318,236

1234761,6,4

1235058,37,23

1235149,12,14

1236449,271,442

1236601,4,2

1237157,29,23

1237523,7,1

1237644,17,12

1237753,18,22

1238507,869,975

1239885,1129,1336

1240525,13,14

1240560,43,53

1240905,761,935

1240976,800,1079

1241012,115,73

1242683,5,3

1242773,64,60

1243126,329,357

1243186,48,27

1243238,74,57

1243283,12,12

1243677,71,68

1243914,16,12

1244134,75,68

1244645,16,11

1244689,719,939

1245603,27,13

1245993,21,23

1246650,163,241

1246785,69,75

1247739,811,970

1248154,37,41

1248261,112,142

1248270,691,989

1249617,37,32

1250700,538,695

1250941,1330,1142

1251229,23,11

1251712,318,384

1251853,709,723

1253108,92,62

1253374,1132,956

1254510,141,173

1257219,75,59

1257635,58,60

1258107,68,66

1258281,871,1130

1258904,69,73

1259811,1148,1154

1260302,380,282

1260679,152,187

1261486,369,325

1261583,110,95

1263214,3,0

1264051,3,1

1264820,62,63

1265366,83,71

1265823,19,8

1265839,99,132

1266325,90,99

1267918,258,150

1268693,77,82

1269504,16,12

1270017,1494,1238

1270542,874,1179

1270619,1097,998

1272175,569,191

1272536,62,58

1272617,1301,1079

1273322,91,80

1274574,8,8

1274671,293,382

1274841,301,339

1275173,61,82

1276365,76,68

1276624,11,15

1276675,79,72

1276862,185,116

1277692,406,321

1277912,1681,1428

1278084,45,24

1278894,70143,70001

1279049,418,377

1279087,75,67

1279224,769,693

1279908,16,13

1280655,17,14

1280724,58,66

1280731,47,49

1280903,254,471

1280922,1402,970

1281365,380,627

1281612,6,4

1281941,72,65

1282103,13,9

1282682,987,1228

1283037,67,57

1283332,719,683

1283756,875,736

1284282,350,386

1284587,775,1051

1284691,7,6

1284960,420,388

1285212,6,2

1285841,124,122

1286459,53,27

1287048,18,17

1287441,86,85

1287834,12,12

1287957,586,688

1288335,84,79

1288670,3,2

1288884,4,1

1290405,33,25

1291642,289,426

1292409,1805,1336

1293978,60,57

1294321,40,34

1295158,348,348

1295204,73,80

1295630,8,3

1295719,9,17

1295908,21,7

1296115,24,22

1296179,886,857

1296473,14,12

1296711,694,778

1297607,880,1051

1297787,300,302

1297877,152,125

1298017,694,631

1298097,421,80

1298512,792,807

1299176,77,67

1299293,1248,1168

1300247,1151,1065

1300405,774,728

1300737,976,1031

1301074,294,291

1302430,20,10

1302503,10,12

1303315,1215,1330

1303632,1109,1133

1303823,10,11

1303995,6,7

1305659,811,834

1306211,2,0

1306895,554,372

1307739,24,23

1307831,1341,1125

1308552,10,8

1309149,65,18

1309498,293,417

1309968,310,320

1310270,10,14

1310370,9,1

1310438,26,13

1310461,6,1

1310592,835,1036

1310612,15,8

1310747,143,183

1311363,29,5

1311571,84,74

1312187,249,411

1312945,22,18

1313613,16,20

1313620,1766,1134

1314006,26,13

1314202,86,137

1314271,4,2

1314317,21,14

1314691,19,11

1314882,878,788

1314933,32,26

1315476,486,444

1316493,4,3

1316940,1054,857

1317574,317,420

1318220,30,31

1318265,8,4

1318331,891,1005

1318486,14,21

1318511,657,193

1318711,43,34

1318717,8,2

1318910,17,10

1318949,5,3

1319602,179,233

1319731,105,100

1320383,52,35

1320644,31,18

1320651,6,2

1320776,420,439

1321359,810,934

1321386,22,15

1322210,51,53

1322279,594,95

1322337,46,37

1322472,7,0

1322523,272,333

1322580,10,13

1323128,81,75

1323604,996,1132

1323679,30,31

1323905,14,6

1324567,612,409

1324777,129,113

1324908,19,10

1324998,787,1006

1325405,242,229

1326120,22,19

1326348,28,27

1326471,761,821

1326570,16,17

1326863,197,179

1327684,62,54

1327719,1331,1212

1329464,799,934

1329545,893,884

1329647,376,328

1330222,21,18

1330231,400,484

1330549,304,389

1330769,113,102

1331174,258,320

1331654,26,20

1332445,22,16

1332633,6,1

1332845,19,19

1332901,16,11

1333734,481,389

1334111,598,735

1334236,811,830

1334702,11,7

1334972,924,1053

1335508,49,26

1336061,31,18

1336065,1199,1271

1336258,1345,1125

1336358,1466,1357

1336465,17,11

1336706,94,129

1337261,84,41

1337430,4,4

1338240,893,759

1338306,687,949

1339498,17,12

1339641,187,275

1339725,4,4

1339900,828,1002

1340079,890,660

1340196,896,853

1340297,20,21

1341652,985,958

1342183,19,12

1342989,77,52

1344509,980,1100

1344899,96,64

1345871,425,744

1346077,73,64

1346096,306,348

1346459,56,53

1346524,20,9

1346716,70,56

1346967,1026,806

1347428,888,910

1348091,221,258

1349171,63,64

1349406,15,22

1349555,35,28

1349992,971,753

1350021,1,1

1350083,575,736

1350140,771,987

1350777,17,10

1350922,132,153

1351151,343,356

1351556,188,191

1351564,88,96

1351786,2273,1314

1352405,2,1

1352988,66,57

1353005,455,204

1353156,55,76

1355346,265,291

1355632,14,17

1356147,36,37

1356646,292,290

1356855,10,22

1357495,22,12

1357509,645,834

1357618,1052,1111

1357903,18,15

1357916,16,15

1357973,459,740

1358002,79,74

1358477,792,805

1358600,49,37

1359311,161,370

1359667,13,16

1360635,5,2

1360715,398,433

1360829,19,17

1361307,63,67

1361892,68,60

1361914,394,365

1362007,1136,964

1362210,60,57

1362332,15,11

1363700,21,21

1363727,57,53

1363807,247,296

1364161,60,55

1364377,520,381

1364785,11,5

1365563,52,50

1367089,137,132

1367258,89,75

1367385,18,7

1368028,32,26

1368389,539,634

1368712,14,14

1369183,7,2

1369240,80,103

1369855,1326,1118

1370098,1201,1228

1370380,528,369

1370614,23,28

1370814,438,431

1372248,9,8

1372894,37,34

1373154,35,15

1373415,467,743

1373881,7,2

1374136,409,156

1374645,2008,1051

1374909,306,291

1374970,597,789

1375098,352,408

1375106,128,101

1375108,915,865

1375945,77,117

1376266,70,76

1376451,413,351

1376643,10,13

1376649,62,60

1376755,67,70

1376839,398,396

1376886,48,40

1377134,1101,1013

1377344,349,371

1377774,1209,996

1379144,62,55

1379201,52,67

1379445,8,6

1379553,19,11

1379586,71,68

1380475,69,89

1381070,183,172

1381346,13,5

1381453,83,64

1381640,120,231

1381867,132,120

1382265,254,288

1382429,96,87

1382854,85,79

1382909,57,53

1383154,878,900

1385104,32,21

1385557,208,241

1386541,266,247

1386589,306,108

1388022,124,125

1388104,16,7

1388162,977,992

1388440,1048,838

1389449,970,1028

1389673,31,11

1389886,81,70

1390240,70,43

1392457,10,2

1392770,18,18

1393253,983,930

1393316,1076,1143

1394394,32,6

1394572,70,62

1394838,881,869

1394901,210,263

1395063,1051,1021

1396298,12,16

1396850,27,30

1397469,291,286

1397795,401,435

1398358,423,641

1398362,1299,1259

1399307,56,53

1399625,90,93

1399677,1066,1350

1399718,63,65

1399755,1074,985

1400270,72,69

1400639,16,12

1400744,24,8

1400838,18,16

1401128,29,24

1401329,3,2

1401527,21,21

1401559,27,18

1401601,82,71

1402103,489,428

1402219,17,9

1402231,17,11

1403173,564,130

1403562,15,2

1403788,846,1078

1404105,12,17

1405420,471,428

1405426,441,776

1406001,17,14

1406132,371,132

1406469,33,50

1407159,7,1

1407160,438,409

1407198,330,378

1407515,98,90

1409020,16,7

1409279,63,72

1410569,86,98

1410699,1360,1044

1411375,826,979

1412069,1266,1192

1412224,251,252

1413464,316,385

1414051,6,2

1414198,419,369

1414212,13,18

1415247,9,1

1415686,603,725

1415711,67,59

1416116,250,207

1416498,57,52

1416550,1125,1369

1416580,16,15

1416697,500,426

1416805,1214,1208

1417146,972,1085

1417701,12,16

1417930,238,159

1418108,360,376

1418363,1053,818

1418908,131,154

1419880,379,109

1420357,338,305

1420804,166,170

1421406,27,18

1421418,25,27

1421691,433,321

1421737,2,0

1422004,1099,856

1423542,344,456

1424087,439,656

1425360,514,778

1425469,329,288

1425856,28,19

1426034,51,44

1426039,72,70

1426125,68,73

1426485,957,1192

1426523,421,455

1426952,86,62

1427069,440,130

1427590,458,383

1427761,21,19

1427875,1521,1063

1428027,16,19

1428078,1015,1088

1428086,1066,1025

1428368,17,10

1428997,458,411

1429252,13,20

1429492,158,123

1429549,220,206

1429989,280,218

1430197,12,15

1430595,519,528

1430803,794,841

1430968,26,23

1431376,1288,1087

1431688,40,45

1431907,53,61

1431963,7,3

1432187,873,952

1432249,50,47

1433603,285,289

1433827,1058,1181

1433906,3,0

1434060,19,19

1434450,17,22

1434806,701,1021

1434808,27,26

1435666,22,14

1436267,1246,1499

1436513,5,2

1436888,27,27

1437652,81,124

1437891,66,60

1438447,316,392

1438992,21,26

1439010,14,16

1439498,17,10

1439563,73,75

1439591,12,23

1439905,68,62

1440047,729,706

1440295,14,4

1440397,20,20

1442430,17,21

1443105,12,3

1444056,197,191

1444475,773,714

1444951,458,493

1445101,42,52

1445696,641,547

1446001,207,454

1446290,82,67

1446327,59,59

1446356,964,1109

1446675,237,215

1447202,9,3

1447331,85,87

1447438,439,237

1447767,552,720

1447965,315,286

1448056,190,246

1448061,430,347

1448185,21,9

1448306,117,90

1449032,16,16

1449824,785,748

1450164,61,58

1450327,3,0

1450402,25,11

1450891,452,316

1451127,19,12

1452626,77,83

1452686,6,3

1452883,58,56

1453207,107,87

1453367,69,66

1453423,23,10

1453554,105,151

1454086,61,58

1454634,548,588

1455142,19,9

1455231,1086,1314

1455313,141,88

1455657,5,0

1455873,266,260

1456070,116,93

1456293,6,2

1456874,169,160

1458329,692,820

1458508,27,22

1458576,95,77

1458663,50,44

1458789,2,0

1458915,1,0

1459714,703,833

1460343,712,972

1460426,27,15

1460583,206,165

1461139,26,9

1461327,161,215

1461348,220,217

1461780,432,418

1461945,746,715

1462741,18,27

1463578,9,23

1463759,205,199

1464155,1026,1059

1464248,59,44

1464622,12,12

1464746,23,21

1465836,14,10

1466013,45,51

1466324,682,656

1466352,4,8

1468523,11,14

1469128,176,199

1469401,10,10

1469620,314,320

1469947,368,375

1470198,467,165

1470439,9,6

1470507,22,14

1471218,73,61

1472915,176,152

1473040,306,340

1473470,36,26

1473900,132,98

1474196,52,48

1474620,25,13

1474864,5,1

1475524,61,55

1475742,850,886

1475791,9,2

1476320,19,12

1476342,29,21

1476695,273,201

1477221,7,2

1477339,112,110

1478553,17,14

1478594,9,4

1479633,6,2

1480070,522,689

1480135,42,34

1480300,17,12

1480467,456,428

1480653,1289,1173

1480703,1114,951

1480813,652,901

1481568,850,1010

1482332,903,200

1482730,6,2

1483065,35,39

1483318,13,19

1483829,81,64

1484161,88,78

1484302,100,88

1484697,172,159

1484712,509,398

1485118,148,113

1485589,3,2

1486520,9,17

1486735,830,816

1487166,36,26

1487524,724,1045

1487615,5,3

1487775,18,6

1488170,62,68

1489263,211,282

1489396,1084,1097

1489482,348,388

1489657,80,69

1489943,408,430

1490462,422,247

1490658,20,29

1490672,737,873

1491001,46,39

1491187,15,12

1491271,69,66

1492009,938,719

1492510,306,288

1492555,20,18

1492802,46,29

1493476,885,903

1494148,202,170

1494544,17,8

1494763,704,712

1494822,641,364

1495587,473,491

1495702,136,205

1495754,317,384

1495823,29,17

1495846,17,14

1495961,490,515

1495984,8,2

1496213,5,2

1496312,2,2

1496596,1335,1095

1496683,380,372

1497281,95,32

1498108,25,36

1498223,221,298

1498466,11,11

1498976,5,9

1499075,674,909

1499757,16,12

1501359,9,1

1501470,22,18

1502246,71,31

1502547,14,12

1502925,13,6

1503578,580,470

1504179,124,102

1504681,978,986

1505054,11,17

1505513,71,64

1506038,121,153

1506538,160,283

1508277,51,58

1508886,1189,985

1508923,1006,811

1509112,693,440

1509197,15,16

1509530,481,409

1509539,797,893

1509635,44,25

1509708,28,28

1509877,13,16

1509997,976,1109

1510351,79,75

1510967,310,422

1511380,49,41

1511484,84,74

1512997,68,73

1513120,92,76

1513840,683,671

1513937,1031,994

1514382,858,958

1514680,845,1000

1515007,1299,1053

1515197,70,66

1515466,33,17

1515950,34,16

1516483,92,81

1516513,16,10

1517223,24,22

1517386,880,731

1517572,33,30

1517802,81,82

1517929,6,2

1518067,18,8

1518130,81,63

1518270,281,360

1518492,59,61

1518969,22,13

1519585,715,767

1520389,10,26

1520446,4,2

1520552,20,16

1520883,10,2

1520987,33,27

1521578,299,203

1521668,239,223

1521686,8,6

1522082,23,10

1522107,212,272

1522163,205,280

1523368,6,5

1523396,73,75

1523516,860,1018

1523933,92,80

1523968,229,214

1524136,65,84

1524681,28,25

1524807,17,4

1525103,419,250

1525717,299,264

1525909,751,675

1526067,366,126

1526716,102,158

1526981,86,80

1527205,675,850

1527338,19,17

1527441,743,761

1527648,54,85

1527767,16,9

1527802,9,10

1528551,22,27

1528582,783,768

1528665,439,359

1528668,19,9

1528847,20,16

1528850,18,15

1529852,663,774

1530624,391,197

1530719,334,276

1531238,389,456

1531632,753,710

1531723,136,138

1532478,279,305

1532810,1289,1075

1533281,846,1321

1533373,430,364

1533381,530,819

1534016,645,707

1536334,1289,1099

1536451,49,36

1536714,7,1

1537207,811,971

1537249,831,934

1538779,59,62

1539088,90,78

1539098,1142,1253

1539142,17,16

1539227,65,58

1539433,1061,985

1539679,61,119

1539699,350,363

1540146,72,59

1540221,321,391

1540550,709,643

1540634,19,7

1541317,20,23

1541685,23,16

1543463,180,163

1544045,656,1099

1544072,20,14

1544708,183,161

1545067,320,333

1545570,27,44

1545979,874,1017

1546447,17,20

1547036,5,2

1547391,227,222

1547541,602,744

1547652,49,46

1547860,663,707

1547937,10,3

1547966,755,724

1549032,25,31

1549219,138,152

1549380,271,256

1549439,865,711

1550677,542,430

1551364,22,9

1551408,241,422

1551585,659,943

1552433,342,379

1552759,213,163

1554601,13,16

1554806,327,363

1554984,60,54

1555319,21,17

1556578,20,17

1556604,1197,956

1557119,98,76

1557125,24,16

1558676,135,190

1558970,4,1

1559505,112,125

1560027,1229,1209

1560231,9,15

1561606,9,2

1561773,884,803

1561823,806,991

1561994,29,47

1562044,805,988

1562186,4,7

1562191,65,56

1562922,67,60

1563054,1067,1062

1563653,75,114

1563921,5,1

1564002,754,751

1564331,1168,1206

1565051,48,31

1565081,15,19

1565633,15,8

1566005,53,53

1566170,125,129

1566766,21,14

1566998,644,760

1567292,4,1

1567378,7,3

1567762,3,10

1569480,569,758

1570485,870,1024

1570579,16,11

1571002,362,323

1571183,715,653

1571283,8,19

1571662,15,13

1571959,581,534

1572385,1203,973

1572923,712,733

1573175,17,18

1573948,674,821

1574042,16,15

1574245,963,929

1574554,84,82

1574616,58,53

1574638,958,966

1574806,70,68

1574967,336,296

1575904,774,1031

1576012,1029,1069

1576195,611,657

1576452,3,2

1576656,1258,1284

1577212,78,57

1578220,76,80

1578816,270,352

1579326,846,760

1579359,959,930

1579655,410,423

1579817,1242,1101

1581223,770,683

1581268,66,57

1582176,1201,1250

1582713,806,728

1582969,85,98

1583686,68,58

1584300,246,198

1584322,706,413

1584703,68,62

1584822,23,31

1585018,27,9

1585206,4,0

1585316,20,21

1586215,863,736

1586218,82,70

1586280,50,32

1586611,1321,1216

1586794,10,14

1586846,245,268

1587140,37,43

1587254,167,154

1588370,45,65

1588397,434,369

1588419,787,813

1588734,735,961

1588767,524,523

1589170,357,336

1589559,77,66

1590133,27,35

1590221,76,56

1590601,17,16

1590818,1418,1322

1590893,85,79

1591549,641,699

1592545,31,32

1592601,335,94

1592785,64,58

1592997,295,162

1593895,705,670

1594224,82,77

1594506,67,63

1594508,54,18

1594599,13,15

1594971,7,2

1595318,109,121

1595626,737,466

1596557,854,982

1596636,932,1089

1596719,190,160

1596977,206,161

1597320,814,802

1597636,683,844

1597848,275,250

1598265,8,2

1598831,6,2

1599181,117,94

1600283,26,14

1600717,470,421

1601273,17,9

1601754,850,1128

1602832,1075,992

1603285,933,760

1603671,307,449

1603992,55,53

1604228,11,8

1604971,10,0

1605640,37,21

1606016,25,13

1606131,361,430

1606352,604,709

1606602,26,51

1606701,62,50

1606831,8,1

1607422,851,176

1607917,145,240

1608826,85,84

1609012,343,136

1610127,704,876

1610241,876,927

1611783,241,301

1611902,315,120

1612730,30,26

1613678,5,3

1613839,16,15

1613860,682,739

1613963,17,6

1614351,65,62

1614473,119,73

1614738,98,85

1614854,21,13

1615419,1149,1039

1615933,500,488

1616457,34,30

1616474,145,125

1616612,61,58

1617273,770,1045

1617284,69,42

1617531,918,652

1617768,60,62

1618432,420,477

1618488,21,15

1618639,2,1

1619770,72,70

1620233,4,4

1620496,10,15

1620753,72,70

1621849,1,1

1622007,135,94

1622393,1192,938

1622630,70,70

1622809,421,345

1623035,924,956

1623059,400,365

1623204,22,21

1623641,865,840

1624143,61,47

1624236,35,6

1624317,20,22

1624919,626,1012

1625046,16,20

1625707,17,14

1626169,58,41

1626629,168,196

1626829,927,1203

1626860,558,1088

1627198,127,122

1627434,592,633

1627640,56,59

1628253,15,8

1629394,30,20

1629590,69,81

1629621,70,53

1629895,505,440

1631132,45,23

1631511,383,408

1631849,834,926

1632214,739,693

1632547,90,73

1632736,207,375

1632770,414,450

1632922,76,62

1632966,71,69

1633069,922,1034

1633558,542,561

1633574,1235,1107

1634050,23,36

1634256,1314,962

1634273,394,366

1634680,140,131

1635041,6,2

1635527,1,0

1635641,130,104

1636226,70,69

1637467,13,15

1638566,276,263

1638984,980,976

1639303,662,750

1639323,1619,1261

1639753,13,13

1640316,8,2

1640572,1294,1007

1640943,675,800

1641373,23,17

1641524,332,416

1641935,318,256

1642096,14,8

1642537,27,33

1642577,2,0

1642628,1149,1015

1643449,75,76

1643467,865,1022

1643608,91,89

1643902,24,25

1644063,87,74

1644347,196,283

1644652,281,317

1645255,29,22

1645785,6,2

1646028,1031,1165

1646069,685,672

1646130,19,11

1646290,18,13

1647214,100,88

1647231,14,20

1647710,207,301

1648195,12,15

1648997,87,78

1649471,73,90

1650753,19,26

1651327,1232,1166

1651667,9,8

1652559,20,27

1652883,1120,1027

1652892,100,117

1653760,85,87

1653859,283,375

1654024,687,684

1655147,659,759

1655591,24,22

1656601,223,230

1656654,10,8

1656683,247,360

1656838,423,367

1657440,76,76

1658589,432,121

1658699,313,443

1659144,10,3

1659314,333,407

1659807,15,9

1659840,79,83

1659862,338,328

1660198,1351,1036

1660523,255,384

1660535,220,387

1660730,51,30

1660884,14,12

1661506,29,16

1661533,654,756

1662189,404,317

1662926,224,330

1662990,41,28

1663043,13,6

1663312,84,68

1663590,942,1073

1664490,301,374

1665479,414,410

1666067,101,73

1666471,70,69

1666657,608,467

1667325,4,3

1667329,132,166

1667861,320,154

1668273,276,266

1668402,1147,1065

1668783,390,406

1668820,4,1

1669061,110,118

1669204,51,32

1669471,199,309

1670205,249,249

1670710,334,342

1670996,524,434

1671779,9,6

1673133,133,104

1673197,1026,874

1673411,21,15

1673898,10,7

1673938,981,1029

1674281,393,356

1674612,267,323

1675066,17,11

1675069,54,65

1675439,3,1

1676246,749,755

1677351,3,0

1678214,171,239

1678836,34,44

1679104,700,755

1679381,80,88

1679422,416,159

1679652,17,11

1680002,674,736

1680161,1,0

1680940,1577,1221

1681027,852,833

1681031,719,728

1681107,785,684

1681812,589,180

1681929,766,828

1683303,651,774

1683311,57,59

1683445,63,59

1683666,1244,862

1683806,58,54

1683856,57,73

1685011,49,24

1685019,1006,950

1685422,3,1

1685871,5,1

1685915,170,247

1686274,634,469

1686461,387,370

1687029,62,61

1687109,65,61

1687201,281,279

1687464,241,249

1687565,128,90

1688901,15,14

1689151,69,77

1689641,66,67

1690009,19,1

1690345,70,62

1690685,7,4

1691078,1096,1145

1691480,414,467

1692042,400,320

1692159,410,310

1692925,1121,928

1693204,401,151

1693244,8,2

1693328,84,80

1693514,78,65

1694005,191,235

1694105,1308,1112

1694684,29,32

1695497,21,12

1695608,69,71

1695941,12,8

1696241,124,50

1696282,58,29

1696430,61,58

1696476,69,65

1696511,26,11

1696753,172,158

1697086,92,64

1697381,19,27

1697657,87,71

1697876,201,181

1698476,79,79

1699262,5,2

1699336,24,35

1699374,32,45

1700834,15,13

1702138,725,851

1702208,104,140

1702415,43,43

1703113,598,474

1703870,1211,979

1705308,502,150

1705401,387,440

1706270,21,6

1706569,3,2

1707232,1039,872

1707585,344,467

1708165,35,42

1709465,32,33

1709971,7,1

1710343,22,15

1710420,81,69

1710455,25,16

1710605,662,886

1711010,298,330

1711044,70,71

1711423,306,254

1711734,969,791

1711758,13,11

1712829,80,85

1713237,761,157

1713322,19,12

1713332,86,87

1713404,425,456

1713815,41,35

1713869,6,1

1714092,64,63

1714172,1165,1052

1714217,29,37

1714626,78,70

1715262,223,287

1715281,75,135

1715394,610,255

1715563,7,4

1716494,336,191

1716503,675,734

1717612,45,52

1717998,588,812

1718291,43,47

1718771,28,33

1719327,312,273

1719388,427,361

1719756,75,82

1721166,63,26

1721795,331,377

1721884,56,56

1721903,40,20

1722301,1055,978

1722734,60,57

1724134,797,905

1724240,471,394

1724525,979,1138

1724998,87,81

1725134,1035,1296

1725158,456,292

1725365,7,3

1725488,113,75

1725950,70,78

1726319,1092,1313

1727607,790,1001

1727643,9,5

1727869,51,51

1728290,85,81

1728432,833,822

1729147,5,10

1729573,75,76

1729991,74,56

1730048,838,747

1730482,86,85

1730554,188,157

1730737,664,720

1731054,272,313

1731218,301,315

1731401,336,359

1731611,26,9

1731652,698,1085

1731704,670,754

1731980,266,244

1732032,59,94

1732683,79,81

1732916,176,216

1733189,47,12

1733393,427,590

1734715,54,50

1735326,513,493

1735907,1063,1181

1735923,7,10

1736102,986,1132

1736353,10,1

1736972,498,689

1737013,24,10

1737684,56,56

1737703,7,1

1738212,264,280

1738445,452,691

1738952,328,310

1739657,22,2

1739749,73,76

1739976,21,21

1740708,24,9

1740965,931,932

1741074,5,3

1741587,453,613

1741651,78,87

1742829,515,522

1743218,66,52

1743350,258,280

1743546,56,51

1744199,112,101

1744503,88,83

1744789,1493,1307

1744935,556,446

1746052,1233,1033

1747039,21,7

1748876,25,15

1749109,1520,984

1749238,29,27

1749640,13,6

1749673,940,1074

1750125,92,195

1751308,12,12

1751670,264,184

1753286,13,3

1753558,395,326

1753569,97,54

1755111,11,12

1755552,681,733

1757396,40,35

1757507,18,14

1757776,326,406

1758474,1511,1125

1758663,153,97

1758901,8,2

1758925,15,19

1759070,4,2

1759251,1229,659

1759291,429,877

1759789,92,87

1759949,567,752

1760095,34,43

1760129,61,54

1760383,69,63

1760627,101,306

1761397,25,20

1762208,921,971

1762242,4,1

1762673,197,212

1762692,19,19

1763862,296,436

1764153,120,112

1764383,65,61

1764969,66,67

1764981,4,7

1765057,696,734

1765165,371,418

1765460,8,16

1765818,137,244

1766662,836,1141

1766843,686,1158

1766909,158,180

1767050,581,410

1767796,69,58

1767836,24,6

1768165,14,6

1768640,1345,1073

1769583,357,408

1770129,62,64

1770482,17,20

1770487,610,205

1770586,50,28

1771245,68,55

1771294,431,405

1772261,6,0

1772512,38,32

1772541,930,1078

1772962,198,295

1772990,10,3

1773028,758,731

1773176,121,214

1773202,21,7

1774167,288,319

1774782,70,60

1775717,26,11

1775944,74,81

1776141,6,4

1776210,5,0

1777410,3,1

1777829,456,447

1778452,694,884

1778519,353,406

1778970,1067,923

1779260,225,76

1779566,713,801

1779593,218,345

1779722,9,2

1779939,63,65

1780901,738,888

1780984,3,1

1781105,459,348

1781266,405,439

1781561,27,16

1781719,417,345

1782426,25,19

1783565,62,42

1783991,71,65

1784467,3,1

1785010,149,127

1785249,327,198

1785930,1265,1214

1786093,73,76

1788664,6,3

1789454,80,76

1789535,57,60

1789940,27,19

1790293,64,58

1790328,800,695

1790577,724,1029

1791065,1040,1053

1793436,12,8

1794268,341,451

1794271,607,902

1794634,37,45

1794675,1106,963

1794996,997,849

1795200,331,119

1795965,16,9

1796183,23,12

1796737,502,696

1796805,291,292

1797161,123,180

1797386,1059,1063

1800174,381,282

1802142,716,814

1802298,516,381

1802636,473,571

1803146,27,28

1803396,8,6

1803705,198,234

1803738,3,1

1805164,503,431

1805344,796,796

1806328,16,13

1806891,18,16

1807119,67,60

1807223,646,757

1807255,11,11

1807365,921,875

1807704,26,54

1808245,922,459

1808584,20,17

1809183,699,1092

1809285,257,225

1809394,34,33

1809420,5,2

1809489,393,156

1810537,24,13

1810632,655,952

1811027,10,11

1811210,18,10

1811825,62,78

1811915,15,16

1812068,15,18

1812418,18,17

1812811,639,787

1813195,449,522

1813623,1031,979

1813981,1064,826

1814012,32,29

1814233,13,17

1814460,846,1044

1814645,420,704

1814691,509,313

1815116,26,20

1815158,61,26

1815356,38,44

1815526,972,1002

1815696,63,247

1816522,9,2

1817186,335,434

1817444,68,76

1817483,788,928

1818480,514,474

1818969,1184,1091

1819553,70,79

1819564,302,106

1820085,37,23

1820326,26,18

1821378,2,0

1821603,676,750

1821948,483,356

1822171,640,546

1822422,1143,950

1822482,20,13

1822602,20,17

1822625,75,69

1823379,23,13

1823484,220,162

1823535,51,55

1823549,59,60

1823941,294,112

1825773,71,61

1825862,18,20

1826870,9,3

1827053,15,14

1827552,15,14

1828054,678,644

1828090,16,16

1828452,1141,1147

1828926,291,308

1829299,10,16

1829621,40,23

1829821,295,466

1829837,1059,894

1830169,616,979

1830372,7,4

1830742,624,620

1831051,18,15

1833122,5,4

1833168,18,14

1834023,92,127

1834442,403,436

1834564,2,0

1835254,568,468

1835505,346,366

1836265,11,14

1836644,9,0

1836750,20,21

1836866,227,198

1838047,19,12

1838130,19,45

1838460,334,409

1838691,65,67

1838940,9,14

1839175,674,747

1839291,17,10

1840694,513,97

1841399,639,763

1841638,86,86

1841799,591,971

1841819,795,790

1841960,210,216

1843161,94,84

1843348,13,13

1843430,1593,1382

1843798,7,3

1844006,46,21

1844105,28,13

1844303,18,19

1844758,24,12

1844818,528,738

1844973,73,80

1845019,828,1154

1845176,71,65

1845254,20,7

1845624,855,1075

1846155,63,48

1846450,26,19

1846867,19,21

1846909,277,347

1846978,401,357

1847576,337,409

1847604,13,6

1848137,847,937

1848231,766,777

1848525,30,22

1848529,428,425

1849278,702,744

1849728,15,6

1849867,667,714

1850297,165,146

1850479,10,5

1851936,10,2

1851962,39,58

1852009,450,568

1852033,1,1

1852135,679,797

1853179,353,387

1853425,4,2

1854039,26,15

1854510,22,6

1855131,206,217

1855670,64,61

1855710,5,4

1856019,370,406

1856072,16,20

1856188,22,35

1858381,1027,899

1858909,1,0

1860348,17,18

1860467,72,59

1860592,27,14

1860913,57,55

1861006,29,36

1861057,4,1

1861415,67,50

1861533,245,310

1861684,631,811

1862230,93,93

1862404,7,5

1862792,25,17

1863437,82,78

1863869,45,19

1865024,11,13

1865229,1006,1085

1865282,685,687

1865549,19,20

1865573,376,351

1865581,256,266

1865610,108,104

1865730,59,55

1866264,74,67

1866801,302,355

1866977,11,18

1867121,872,1000

1867519,99,154

1867788,358,435

1867824,25,25

1868658,87,67

1868763,17,13

1868896,284,365

1868973,18,14

1869584,46,38

1870294,1025,1236

1870829,356,327

1870869,41,78

1871023,162,98

1871817,166,205

1872083,342,125

1872990,5,0

1873375,131,204

1873443,37,32

1873607,1103,942

1874212,21,27

1875369,92,109

1875935,408,411

1876603,20,17

1877109,432,375

1877708,19,8

1877839,69,79

1878090,20,9

1879195,15,27

1880065,390,310

1880302,5,2

1880304,21,8

1880893,1271,1266

1881066,6,3

1881213,922,1008

1881509,1009,933

1882540,17,18

1882651,82,68

1883384,23,20

1883690,20,18

1884164,212,390

1885017,13,8

1885481,12,9

1885886,79,67

1886697,209,313

1886954,590,877

1886970,318,160

1887398,486,532

1887458,76,82

1887790,3,0

1887849,7,5

1888362,3,2

1888527,759,965

1888873,4,1

1889737,15,28

1889878,606,1075

1890020,14,16

1890168,22,11

1890914,30,33

1892706,759,723

1893880,364,404

1894006,1046,1060

1894509,601,669

1894963,696,133

1896535,1422,1259

1896855,1429,1150

1897707,1184,1185

1897723,15,11

1897793,5,1

1897980,181,144

1898006,20,13

1898284,15,10

1898604,282,361

1898686,51,78

1899097,1099,1097

1899215,37,9

1900354,20,13

1901189,46,39

1901230,10,6

1901765,388,154

1902375,708,878

1903696,1141,1019

1903719,226,340

1903923,403,375

1903948,682,1049

1904077,1183,939

1905460,16,12

1905468,17,12

1905752,806,1083

1906057,16,7

1906065,6,3

1906129,583,122

1906459,48,12

1906760,43,22

1906784,60,87

1906865,242,242

1908375,7,17

1908542,686,420

1908621,15,9

1908746,33,10

1908858,816,929

1909047,280,333

1910777,102,93

1912012,294,280

1912164,74,74

1912459,68,65

1912746,919,977

1913329,1067,1075

1914163,594,435

1914254,271,251

1915520,13,12

1916216,63,55

1916502,658,667

1916515,28,31

1916658,18,13

1916770,101,144

1918476,415,413

1918785,14,15

1920078,18,8

1920223,21,9

1920627,54,66

1920820,246,133

1921770,32,3

1922244,283,321

1923055,59,55

1923192,407,184

1923309,220,199

1923686,979,995

1924013,253,382

1924147,24,24

1924339,20,9

1924631,154,278

1925175,79,64

1925213,210,229

1925280,964,1077

1925411,285,255

1926066,748,661

1926243,53,51

1926385,349,412

1927931,971,963

1928560,133,132

1929446,765,855

1930301,12,13

1931070,74,65

1931368,68,60

1931591,57,44

1931837,12,6

1931939,1010,979

1932021,683,431

1932290,10,6

1932440,8,11

1933032,17,13

1933827,610,716

1933890,57,61

1934078,31,22

1934190,361,385

1934504,712,857

1934658,26,31

1936551,71,59

1936555,963,1034

1936602,18,7

1936847,15,16

1937939,359,357

1937981,364,373

1939208,4,1

1939292,10,2

1939735,86,74

1939998,1210,1152

1940907,96,62

1940928,6,8

1941845,11,7

1941919,34,24

1941990,8,7

1942120,74,132

1943189,76,76

1943233,72,44

1943307,510,910

1944302,179,215

1944495,203,230

1945467,12,26

1945940,729,828

1945950,17,11

1946214,246,398

1946546,101,74

1946929,44,40

1947073,285,341

1947176,98,82

1947399,326,320

1947433,27,33

1947496,337,387

1947812,55,52

1948150,18,7

1948458,205,240

1948740,670,194

1949763,866,979

1950381,43,55

1950642,218,426

1951104,54,13

1951444,15,8

1952264,74,71

1952269,1212,1256

1952341,273,243

1952366,126,79

1953117,21,14

1953330,921,972

1953744,76,72

1953824,32,27

1956087,1181,1118

1956504,9,7

1957019,774,698

1958051,318,450

1958194,45,42

1958457,44,39

1958633,1128,1168

1959018,303,102

1959069,5,3

1960107,275,247

1960232,40,30

1960504,74,59

1960723,956,979

1960968,19,8

1962102,320,382

1962454,252,224

1962745,63,47

1962802,59,42

1964034,61,47

1964353,22,11

1964725,711,794

1964777,508,301

1965255,29,9

1965716,3,2

1966429,22,8

1966966,18,16

1967283,9,6

1967504,10,8

1967769,1259,1091

1968047,7,3

1968164,88,95

1968814,5,4

1968885,64,82

1969388,4,0

1970153,535,385

1970273,48,60

1970360,699,287

1971223,174,222

1971401,1398,1274

1971509,312,646

1971852,189,160

1971924,12,16

1972602,1073,1188

1972665,451,417

1973530,158,159

1973863,26,26

1974000,77,60

1974110,790,960

1975667,137,179

1975742,33,50

1977852,268,313

1978512,65,68

1979024,85,236

1980139,86,178

1980233,41,21

1980523,81,84

1980754,43,14

1980952,108,95

1980990,433,360

1981192,352,305

1981451,5,4

1981514,75,66

1981646,577,909

1982133,69,60

1983777,403,337

1984229,72,62

1984523,60,57

1984722,74,65

1984818,5,1

1984991,35,41

1985225,1562,1070

1985387,435,424

1986003,15,23

1986103,1237,1162

1986471,1060,1011

1987051,267,370

1987401,18,25

1987765,263,244

1988493,8,3

1989874,86,83

1990129,30,42

1990951,18,22

1991023,94,71

1991248,419,626

1991504,755,817

1991592,33,22

1991681,36,25

1991946,23,14

1992013,15,18

1992055,1040,1179

1992556,1,0

1993152,86,91

1993180,575,791

1993200,554,644

1994315,59,56

1994470,809,718

1994529,31,35

1995311,24,13

1995388,46,76

1996962,511,449

1997248,215,308

1997596,394,486

1997632,951,889

1997950,1219,1158

1998550,82,82

1998752,544,575

1999088,25,33

1999404,569,216

1999729,196,230

2000496,66,51

2000782,34,44

2000836,854,966

2000882,787,680

2001629,14,13

2001646,269,377

2001739,192,201

2001786,9,14

2001882,296,368

2001961,11,12

2003921,81,62

2004373,1220,999

2004907,42,37

2005246,32,25

2006216,928,975

2006252,26,17

2006561,891,817

2007070,3,0

2007288,374,337

2007515,49,57

2008084,54,52

2008818,78,78

2008863,834,659

2010544,6,4

2010738,17,13

2011396,38,45

2011852,22,19

2012017,18,16

2012087,18,16

2012696,670,779

2013094,6,2

2013598,90,156

2014530,40,28

2015125,225,229

2015300,21,9

2015715,153,97

2015749,28,28

2016064,7,2

2017039,262,372

2017286,23,22

2017666,12,7

2018291,317,286

2018496,699,878

2018584,14,12

2018662,768,974

2019254,3,1

2019983,45,28

2020031,3,3

2021036,134,90

2021213,293,65

2021620,271,260

2021879,314,316

2022009,659,786

2022258,69,63

2022703,60,52

2023353,429,398

2023392,28,44

2023929,1561,1323

2024863,14,13

2025045,6,3

2025323,524,163

2025534,160,179

2025597,334,428

2025656,13,20

2025845,364,290

2025920,154,125

2026701,411,361

2026858,8,9

2027222,12,13

2027256,298,281

2027278,84,79

2027515,20,13

2027689,740,888

2027837,530,369

2028224,953,912

2028347,34,26

2028483,375,297

2028792,9,12

2028898,230,152

2029352,581,697

2030062,10,16

2030666,18,14

2030726,503,697

2030871,3,0

2030935,22,12

2031085,427,483

2031481,11,29

2031799,91,17

2032437,1029,1094

2033347,1206,1047

2033362,55,40

2033656,4,2

2034208,23,30

2034995,527,887

2035400,6,2

2036365,477,387

2036467,16,8

2036809,28,26

2037056,41,22

2037221,291,284

2037299,896,723

2037361,17,7

2037429,99,99

2037467,25,25

2037595,8,15

2038280,16,7

2038593,425,762

2039001,70,71

2039032,62,57

2039166,67,59

2040759,649,593

2042186,18,16

2042333,210,278

2042589,105,142

2042862,267,196

2043464,686,995

2043478,5,1

2043905,3,0

2044130,21,16

2044279,7,13

2044615,58,62

2045080,17,9

2045447,23,34

2045590,703,1072

2045865,79,74

2045911,9,17

2045913,262,169

2046019,16,15

2046363,196,235

2047018,43,59

2047233,31,51

2048166,21,9

2048195,371,416

2048397,891,991

2048678,11,12

2049023,7,4

2049086,50,127

2049559,355,281

2049580,968,1094

2049819,385,509

2050303,67,62

2050618,469,554

2050707,55,47

2051549,1098,959

2052127,973,985

2052720,23,7

2054062,18,17

2054562,16,18

2054939,61,69

2055411,2,0

2056082,14,22

2056236,125,94

2056401,432,406

2056596,284,164

2056851,1,0

2056864,14,7

2057127,6,2

2057648,268,302

2057828,14,10

2057936,203,244

2058029,343,292

2058153,378,441

2059098,81,116

2059110,18,16

2059125,540,814

2059479,32,24

2059488,3,1

2059900,42,44

2059961,11,17

2060504,18,16

2061189,62,57

2061350,358,378

2061446,475,678

2061456,1113,1008

2061758,1186,1108

2062993,4,1

2063117,820,918

2063759,33,38

2064523,29,28

2064613,68,67

2064706,43,30

2065050,651,725

2065333,13,16

2065364,64,37

2065384,839,1023

2065881,13,11

2066168,34,52

2066762,828,1013

2066972,21,32

2067907,58,65

2068577,21,16

2069118,22,12

2070089,77,86

2070430,552,661

2070499,60,57

2070952,27,19

2071017,19,20

2071114,838,1143

2071376,407,413

2071898,781,1071

2071920,73,71

2072090,21,9

2072296,103,149

2072826,360,247

2072858,36,13

2073155,44,16

2073377,15,19

2074808,497,487

2075410,869,874

2075534,61,49

2076509,739,1094

2076701,296,324

2077685,800,914

2077712,5,7

2077805,19,31

2078034,168,108

2078145,332,312

2079061,251,382

2079194,396,323

2080257,11,18

2080929,47,59

2081131,725,980

2081231,376,293

2081357,448,421

2081485,891,974

2081604,37,23

2082124,217,366

2082376,15,20

2082743,1802,1330

2083046,58,139

2083152,51,44

2083480,16,6

2083613,272,129

2083653,66,59

2083878,7,5

2084370,759,1213

2084865,372,312

2085080,16,11

2085568,418,438

2085655,182,228

2085735,1127,1197

2086001,893,698

2086317,51,58

2086443,4,8

2087150,817,698

2087553,78,88

2087596,72,66

2088420,1103,1067

2088609,896,914

2088684,6,0

2088843,1311,1074

2090041,22,22

2090691,25,9

2090763,5,4

2090883,114,84

2091832,423,407

2092166,1079,1089

2092801,732,895

2092963,71,90

2093417,359,410

2094112,15,19

2094648,155,80

2094756,16,11

2095583,208,171

2095668,160,192

2095890,1141,1066

2096093,168,292

2096416,12,11

2096426,916,904
