436,592,496

878,588,721

941,350,319

1197,503,592

1217,64,42

1634,21,15

1727,775,898

1775,311,305

1951,75,68

2672,101,130

2705,157,293

4343,18,12

4773,44,30

6110,171,246

6162,36,16

6393,6,1

6534,1064,1117

6936,554,541

7111,14,22

7157,99,94

7228,750,1059

7339,152,231

7478,265,303

7509,1131,952

7554,389,287

7639,153,124

7680,64,61

8385,323,307

8908,114,132

9103,167,204

9565,177,155

9924,79,73

10371,61,56

11269,22,11

11297,62,72

11311,6,1

12030,29,20

12470,979,1124

13052,99,116

13354,11,6

14290,73,49

14557,853,1073

14916,609,483

15466,508,589

15490,566,516

15712,8,0

15715,7,1

15755,382,362

15811,14,11

17074,79,56

17425,75,81

17612,121,126

17740,611,1031

17914,120,96

18521,8,7

18989,1204,1064

19162,19,17

19249,1977,1333

20098,77,50

20345,110,95

20745,332,360

20986,37,18

21979,725,739

22302,424,481

22405,81,73

22713,172,176

23258,14,14

23379,48,24

23899,133,138

24909,70,76

25544,213,217

25792,170,111

25873,30,22

27471,81,50

28721,1165,1075

28804,43,42

29928,22,21

30643,422,413

30856,70,61

31304,455,461

31755,360,316

31954,259,229

31994,13,6

32116,89,76

33030,253,214

33136,57,25

33775,308,258

33888,86,75

34004,53,23

34522,10,2

34936,10,15

35076,58,56

36415,685,660

36486,969,882

36922,45,34

37425,468,345

37693,61,56

37720,93,85

38492,485,668

38622,1179,1199

38945,294,281

40051,28,14

40062,827,821

40235,19,8

40410,4,5

40570,17,15

40624,57,31

40715,18,9

40960,56,53

41035,29,13

41036,3,1

41289,5,3

41825,510,448

41879,67,65

42014,79,78

42555,19,20

42721,65,61

42749,10,4

42803,91,88

43800,8,4

43805,12,11

43833,122,91

43927,10,6

45157,22,7

45840,23,19

46326,48,46

46423,126,69

47327,48,23

47441,45,40

47758,390,391

48336,1211,969

48730,721,878

49352,8,1

49375,1335,1065

49610,986,773

50126,21,9

51389,578,792

51463,97,81

51523,98,65

51893,74,76

52083,348,359

52834,307,180

53527,251,367

53898,11,9

54223,67,63

55124,207,344

55678,29,19

56079,935,935

56467,103,98

56611,18,17

56627,522,543

56638,210,285

57021,62,59

57581,70,40

57612,59,53

57806,27,17

58518,453,423

58897,221,196

59930,173,150

60042,22,10

60140,1177,1131

60156,89,108

60359,87,86

60390,623,551

60633,64,61

61313,668,758

62001,175,167

62885,18,12

63549,17,5

64304,287,239

65486,1055,925

66208,15,9

66604,60,52

67063,64,56

67142,19,14

67294,923,351

67425,71,60

67747,160,137

67756,35,40

67762,494,660

68027,667,516

68565,17,14

68674,51,28

68697,81,88

69164,336,300

69245,235,103

69324,5,1

69337,44,58

69348,65,58

69530,70,64

71472,64,57

71625,327,384

71913,343,362

71940,162,157

72202,31,8

72254,7,4

72585,84,88

72753,136,214

73058,56,39

73231,194,273

73245,65,61

73415,12,10

73941,393,210

74113,830,1010

74204,13,3

74613,976,768

74616,880,1009

74766,14,14

75473,324,408

75987,75,79

76731,16,13

77124,35,9

77556,4,1

77892,31,12

77985,9,7

78603,310,305

79140,257,176

79718,534,406

79806,268,214

80839,178,295

81090,611,323

81525,140,128

81921,236,230

82626,207,220

82707,9,7

83019,32,35

83912,22,3

83986,1000,1015

84322,16,10

84567,505,537

84678,7,2

85245,33,34

85398,59,57

85540,26,13

85584,41,31

86514,364,387

86940,843,731

87021,5,2

87053,14,9

87647,736,968

88315,424,194

89187,219,286

89618,14,8

89827,338,412

89996,104,86

90317,728,741

90429,17,6

91182,13,13

91552,393,398

91683,650,650

92666,35,9

93776,21,16

93934,514,179

94067,320,294

94140,789,1103

95112,271,263

95161,842,754

95450,17,27

96285,30,30

96504,71,67

96728,874,795

96972,26,24

97314,4,0

97490,166,234

97613,368,392

97824,720,757

98500,7,2

98842,187,165

99250,51,67

99371,490,395

100068,67,63

100174,166,95

101592,17,12

101726,21,9

102175,7,19

102362,31,58

102963,807,731

103422,26,15

103653,54,47

104120,12,11

104177,539,664

105229,257,310

105331,23,27

105431,66,71

105510,16,15

105834,693,1045

105876,78,74

106322,13,17

106485,527,161

106773,593,598

106861,738,898

107173,98,70

108559,17,5

108622,163,154

108717,702,765

108757,25,12

110075,97,63

110200,889,1187

111118,1757,1319

111378,47,48

111758,4,1

111975,16,8

112107,204,171

112324,1152,1126

112328,213,197

113153,30,33

113536,198,186

113946,70,70

114462,4,1

114521,17,15

114958,114,88

115573,22,12

115843,90,72

116446,749,760

116607,399,397

116861,45,43

117066,32,23

117551,16,12

117888,251,314

118552,60,44

118601,40,28

118662,346,379

118688,49,45

118785,70,78

119383,252,237

119477,117,160

119648,290,304

119769,305,494

119808,10,6

120394,716,532

120395,269,430

120407,19,9

120607,32,11

120615,819,918

121980,17,17

122203,66,62

122344,541,841

122426,25,17

122566,6,8

122656,29,10

122704,670,709

122838,10,13

122907,20,43

122981,1,0

123312,44,24

123736,353,431

124441,688,849

125263,1,6

125285,25,25

126182,185,204

126216,66,56

126739,168,158

127037,31,113

127426,85,93

127728,13,15

128371,331,383

128468,32,33

128533,1113,806

128920,403,378

129113,528,494

129114,11,9

130342,10,2

130373,22,21

130479,493,563

130741,18,17

130895,4,2

131179,30,30

131876,588,633

131905,742,956

132087,8,2

132781,16,25

133085,886,923

133205,665,664

133312,14,8

133836,17,14

134375,6,12

134515,57,53

134576,14,7

135051,263,305

135539,28,19

135664,37,11

135782,678,1068

136218,23,10

137057,11,6

137252,46,47

137608,22,18

137622,121,63

138678,14,17

138952,794,1028

139452,110,74

139649,70,69

139881,98,88

140935,248,418

141459,64,72

141597,14,8

141708,23,19

142392,27,44

142466,10,23

142484,445,427

143153,135,116

143159,5,4

143415,771,737

143610,79,82

144872,56,52

145262,23,22

146186,620,862

146240,311,390

146890,56,54

148486,16,8

148588,3,0

148982,80,93

149057,254,269

149248,20,13

149493,808,938

149853,820,884

150070,17,16

151843,83,60

152460,200,175

153470,728,702

153860,4,3

153953,32,19

154530,13,6

154595,48,14

155891,274,294

157442,191,148

157752,9,4

157984,203,236

158275,47,29

158293,57,55

158340,17,25

158818,3,3

159163,385,353

159418,80,74

159893,234,232

160360,22,13

160436,52,10

160563,51,28

160792,11,13

160919,529,716

160922,143,132

160977,399,587

160988,561,437

161007,465,524

161071,586,490

161411,325,366

161417,35,25

161781,37,13

162188,243,377

162328,17,5

162417,25,6

162808,29,23

162882,6,1

163330,38,74

163676,28,24

163738,28,19

163791,323,336

163829,288,224

163905,320,442

164193,20,12

164531,2,0

164723,16,9

165316,63,39

165790,78,74

166095,15,13

166250,16,19

166368,260,293

166477,434,510

166723,27,24

167417,377,386

167470,19,10

167523,1,0

168011,1314,1322

168368,65,59

168485,59,56

168587,562,551

168789,64,58

168805,354,404

168863,63,57

169591,61,56

170456,1813,1350

170570,848,823

170786,861,1075

171002,761,777

171132,47,42

171566,464,554

171580,505,434

171900,79,81

172233,94,80

173232,11,9

173339,214,104

173575,779,808

173732,101,101

174424,229,391

174727,325,320

174785,48,47

174974,1150,1016

175040,31,40

175424,182,179

175601,47,90

176233,411,511

176423,152,173

176646,66,70

177052,504,452

177323,12,9

178059,822,858

179386,59,55

180277,10,12

180539,87,117

180661,40,29

180789,18,9

181166,90,71

181229,70,62

181968,32,10

182436,8,12

182449,51,57

182577,73,83

182729,634,743

182809,1171,989

182878,271,291

182931,86,89

183116,194,214

183618,899,1028

183761,5,1

183920,57,55

184203,76,92

184216,64,62

184252,207,204

184573,67,64

185655,23,21

185956,1334,1304

186358,109,83

186726,56,42

187130,40,30

187260,9,9

187483,326,157

187639,264,170

187692,683,560

188145,80,65

188906,2,1

189118,461,379

191505,9,3

191538,22,16

191735,8,3

191805,82,74

191855,3,1

192478,3,2

192894,288,284

193091,4,0

193473,6,0

193521,90,75

194305,668,472

194806,23,12

195015,1111,863

195083,86,87

195196,350,368

195445,13,11

195664,507,508

195725,1698,1253

195888,35,16

196239,146,172

196334,33,19

197327,71,59

197411,18,8

197541,60,45

197786,2,1

197798,14,8

198118,81,70

199078,73,87

199342,34,26

199491,132,122

199976,1116,1072

200414,273,346

200851,185,198

201239,232,217

201393,4,2

202508,388,385

202640,17,22

203184,17,18

203267,74,68

203354,13,6

203569,10,10

204236,14,14

204334,14,5

204640,179,175

205015,46,25

205290,126,76

205315,24,32

205691,332,319

206002,194,189

206379,750,809

207136,93,99

208111,449,390

209288,6,0

209419,18,17

209473,120,232

210617,24,17

211109,338,365

211472,266,285

211581,81,56

211669,621,650

212022,65,57

212247,1234,1010

212756,304,352

213290,60,49

213448,122,99

213764,24,14

213991,563,650

214139,10,5

215220,1,0

215251,103,98

215422,31,20

215789,13,9

216024,154,169

216468,1010,1031

216481,31,40

216531,34,41

217095,11,4

217208,42,32

217213,1123,895

217232,225,251

217385,67,62

217701,18,10

217719,130,84

218421,20,21

219473,654,449

219567,56,19

220095,5,0

220105,985,1092

220382,308,298

220592,268,242

221107,1006,890

221277,18,16

221553,93,87

222155,40,20

223305,607,178

223540,405,457

224538,138,92

224982,62,57

225889,78,69

226280,314,322

227163,77,78

227192,5,2

227221,154,119

228566,4,2

228641,21,9

229165,3,1

229245,21,15

229683,62,69

229760,1050,866

230313,423,422

230413,8,8

230427,207,198

230498,144,177

230553,13,14

230924,472,435

230971,50,57

231019,337,322

231065,97,99

231100,127,112

231643,89,66

232274,66,61

232333,27,36

232620,76,70

232640,227,156

232689,49,37

233174,24,29

233251,343,316

233486,59,25

233749,157,246

233887,97,149

234320,45,52

234695,529,673

234704,241,376

234830,66,61

234845,21,21

234929,11,7

235226,30,28

236252,348,355

236342,872,1059

236573,5,3

237255,369,419

237750,175,228

238484,328,305

238547,195,235

238580,19,19

239133,406,374

239673,16,14

239721,80,110

240120,118,111

240876,1310,1257

240885,11,3

240895,13,9

241275,8,0

241490,66,50

241608,666,796

242353,20,9

242395,324,292

242631,87,74

242698,13,22

242845,860,1081

243033,175,155

243048,8,8

243053,21,22

243754,6,4

244005,30,10

245129,11,11

245363,894,875

246027,696,640

246035,26,24

246199,83,68

246421,360,443

246860,11,10

246969,395,382

246988,84,82

247384,84,87

247719,303,464

248178,548,469

248838,1422,1003

248850,60,68

249151,24,14

249267,12,6

249477,58,34

249736,234,300

250430,7,3

250958,457,430

251134,61,59

252403,68,65

252556,4,3

252780,47,44

252796,12,9

253121,353,324

253178,53,32

253203,32,27

253489,13,13

254038,6,2

254060,424,377

254180,35,19

254576,47,38

255098,67,61

255220,549,350

255291,393,297

256075,72,72

256389,210,243

256838,250,382

257199,383,404

257276,22,31

257896,945,1040

258314,67,87

258343,11,29

258464,19,13

258843,74,30

259174,157,135

259236,45,44

259986,23,14

260080,38,35

260136,96,67

260314,62,47

261018,47,31

261021,3,1

261886,72,64

261976,308,316

264185,28,8

264321,296,287

264353,5,1

264546,277,387

265258,22,13

265397,34,33

265730,170,165

266303,1129,1120

266345,164,112

266580,187,229

266590,26,19

266949,23,13

268143,21,14

268563,48,72

268628,176,159

268856,474,430

269197,77,70

269714,36,36

270108,401,371

270294,191,208

270465,76,69

270842,67,66

271017,84,64

272033,6,0

272432,17,8

272624,65,58

273315,973,991

273492,486,681

273501,19,16

273547,334,360

273602,3,2

273748,45,24

274045,53,18

274315,8,2

275071,229,420

275309,337,428

275440,435,556

277274,691,738

277328,657,431

277532,317,349

278088,215,144

278534,179,234

278902,13,15

279070,63,55

279576,31,26

279658,20,11

279854,26,25

280057,412,496

280439,250,188

280620,392,368

281145,69,57

281389,679,790

281931,18,28

281945,164,173

281970,143,168

281976,618,740

282044,102,77

282427,287,253

283252,89,77

284117,248,445

284127,985,847

284296,63,57

284632,80,74

284710,21,14

284737,88,69

285462,66,63

285718,287,222

285969,774,756

286181,6,0

286210,921,906

286974,119,75

286985,390,432

287114,31,10

287536,40,56

287831,14,7

287839,7,6

288226,260,233

288629,11,4

288909,379,370

288988,11,6

289181,123,123

289193,75,81

289304,60,51

289513,88,107

289544,20,19

289616,341,99

289879,428,371

290906,41,61

291511,97,88

291785,807,726

291979,82,133

292339,3,0

292773,58,29

292787,46,33

293426,80,75

293706,599,397

293920,38,41

294250,402,470

294394,77,75

295158,80,75

295498,22,10

295558,91,61

295951,85,142

296834,98,81

296930,129,151

297055,485,429

297330,153,127

297403,81,88

297404,599,604

297434,21,18

297504,82,68

297564,6,2

297731,22,11

298175,327,410

298320,102,83

298393,68,64

298495,776,581

299728,184,216

299987,21,17

300760,57,32

300794,141,130

301270,312,432

302008,58,51

302440,24,13

302469,115,116

302771,291,253

302897,286,195

302996,15,5

304586,81,85

304588,1220,848

304726,107,65

305083,22,21

305217,91,67

305418,163,161

306168,425,403

306727,132,120

306905,265,332

307026,318,441

307107,535,771

307824,63,68

307995,1171,1098

308426,96,150

308581,72,74

309261,155,145

309525,365,366

309835,16,14

310080,71,118

310642,84,95

311016,51,49

311118,16,24

311504,283,376

311902,937,1108

312212,74,58

312564,653,778

312794,10,4

313835,61,59

314102,373,292

315369,16,6

315683,944,1062

315807,87,90

315934,198,214

316746,5,3

316759,25,11

317167,74,44

317768,25,17

317825,69,71

318235,519,535

319620,472,434

320392,11,7

320613,18,23

320947,69,74

321221,2,0

321688,455,443

321864,5,2

322191,31,16

322237,1176,905

322684,18,7

323275,28,41

323425,50,65

323527,8,4

323893,18,17

324556,80,79

325464,255,310

325522,31,38

325607,913,1037

325925,25,26

326279,14,9

326406,345,278

327024,627,505

327763,56,51

328117,95,87

328274,21,10

328350,11,4

328657,260,238

329216,510,869

329223,19,13

330141,7,2

330178,13,7

330233,696,866

330649,25,25

330806,50,70

331284,51,46

332566,37,33

332770,232,328

333113,15,1

333252,42,31

333607,440,301

335895,69,57

336328,53,38

336338,76,90

336419,10,6

337015,555,533

337056,55,42

338530,198,163

339342,87,71

339461,188,151

340489,14,6

340699,15,13

340936,77,87

341110,74,70

341817,296,379

342549,35,4

343681,44,42

344211,603,435

344558,467,378

345237,2,0

345363,17,10

345382,338,392

345473,13,18

345707,70,61

345723,71,60

346005,41,40

346215,600,708

346310,74,82

346577,100,85

347110,3,2

347424,83,95

347430,179,196

347770,8,3

347929,37,32

348210,500,826

348911,456,166

349713,114,71

350673,173,109

350693,29,15

350758,77,71

351143,580,699

351756,46,47

352070,82,71

352434,73,52

352535,111,94

352827,986,911

353069,390,359

353418,3,0

353773,20,20

353958,1145,1119

354407,289,413

354785,68,59

355366,16,2

356121,6,2

356836,5,2

357130,797,735

357179,328,242

357245,693,719

357743,94,88

358018,126,89

358241,23,5

358807,56,51

358884,140,169

359044,1,1

359592,39,39

360857,800,1066

361623,603,445

361693,72,64

361919,19,9

362183,456,435

362643,319,214

362987,24,19

365108,307,309

365191,64,60

365242,82,59

365259,1,0

365286,18,6

365617,3,1

365667,70,89

365848,20,27

365994,1196,1263

366288,305,373

366807,84,81

366903,12,6

367267,519,360

367517,441,519

367611,9,4

368047,482,494

368255,49,45

368533,156,161

369256,308,268

369571,268,296

370437,28,14

371008,1338,1130

371807,23,25

371935,339,261

372082,44,43

372169,6,1

372482,63,62

373254,15,12

374188,15,12

374448,1272,1073

374500,695,1143

375148,7,4

375297,23,28

376187,537,510

376904,1519,1260

377275,210,200

377475,328,392

377623,18,19

377652,111,69

377757,6,4

377926,154,246

378256,1128,886

378695,945,636

378875,17,14

379254,1104,1119

379679,711,933

380073,24,28

380121,318,306

380913,23,18

381150,14,8

382158,800,985

382206,11,10

382408,372,440

382668,49,37

383013,20,37

383055,690,574

383251,25,22

383415,96,89

383458,59,88

383467,378,347

383773,79,69

384461,374,396

384714,332,303

384823,143,71

385423,360,272

385603,47,56

385618,25,19

386585,15,9

386611,16,14

386790,71,69

386827,20,14

386846,165,158

387010,40,10

387139,20,20

387633,59,61

388355,215,291

388680,6,5

389062,393,422

389456,47,47

389537,35,11

389663,29,30

390019,117,156

390713,698,465

390998,231,317

391164,103,86

391338,76,67

392025,713,1016

392160,34,26

392180,10,3

392618,415,482

392782,562,1000

393107,460,385

394459,15,0

394482,32,27

394715,648,222

395589,10,13

395636,709,853

395694,6,3

395912,31,25

396329,813,356

398190,58,58

398292,472,563

398386,77,86

398618,60,58

399441,386,368

399477,86,84

399712,299,491

399762,13,7

400052,17,11

400344,893,1043

400555,26,31

400640,1182,1218

400873,35,21

401037,29,32

401822,147,248

403407,135,158

403432,10,3

403520,58,56

403840,36,36

403947,41,57

404079,21,16

404087,7,7

404385,58,55

404781,15,11

404876,274,271

405773,934,1035

405852,819,832

405927,473,663

406542,87,89

406664,1029,917

406760,639,175

406905,319,375

406961,5,1

407415,356,430

407458,29,17

407716,38,21

408012,14,15

408169,221,233

408230,311,325

408469,20,11

408906,1129,880

409137,56,72

409623,83,82

410107,872,752

410126,185,174

410149,75,78

410496,74,66

410505,698,642

410668,17,32

411180,6,4

411231,11,13

412000,109,107

412275,14,16

412282,13,6

412874,977,1217

413484,62,77

414135,107,127

414676,260,281

414680,1127,807

414954,33,41

415925,14,6

416171,59,61

416647,258,195

416790,91,107

417142,1031,943

417669,12,20

418150,589,661

418973,90,133

419717,14,13

420023,33,31

420195,7,5

420345,342,288

420626,877,1029

421508,20,13

421589,11,6

421858,2,0

422300,12,11

423159,540,413

423274,285,348

423283,28,19

423379,6,3

423861,20,11

424710,911,1159

425037,37,7

427006,57,31

427170,1324,1328

427670,79,91

428152,29,12

428418,163,163

428582,623,740

428879,79,85

428884,67,65

429192,433,501

429404,1021,1066

429515,1023,731

430595,185,183

430614,536,491

431086,31,27

431280,37,46

431551,10,4

431836,118,108

432035,196,200

432089,754,688

432971,343,391

432979,77,68

434825,243,240

434962,69,60

435513,60,19

436515,65,63

436644,1173,1134

436886,54,65

436970,39,31

436990,49,41

437077,35,30

437406,282,345

438450,64,16

438504,271,363

439328,6,3

439435,483,485

439907,11,3

440242,1,1

440437,24,26

440632,691,759

440750,296,391

441038,49,46

441492,88,82

441755,267,211

442091,1008,1030

442451,39,35

442914,61,55

443085,31,29

443149,7,4

443480,35,61

443711,21,12

443721,198,212

444008,7,3

444736,24,5

444761,199,244

444898,389,429

445484,26,28

445493,1261,1263

445691,25,12

445984,1061,1095

446257,805,1068

446303,234,237

446479,43,60

446534,621,471

446674,61,63

446890,118,170

447903,65,57

448949,18,4

448990,18,17

449035,103,77

449362,1072,990

449513,10,2

449821,184,208

450381,137,225

450460,913,1030

450819,26,19

450820,20,19

451212,377,363

451555,1211,1150

451650,193,295

452016,37,31

452524,14,15

452838,260,236

453253,419,508

453302,320,243

454659,502,414

454814,150,164

455086,22,34

455359,169,201

455733,17,13

455752,99,71

456254,434,688

456708,10,3

456790,726,978

457124,265,264

457576,56,64

457590,113,83

457620,20,10

457826,72,76

458247,493,429

458709,21,33

458951,1204,1268

459184,53,49

459469,19,20

459917,82,80

459928,54,35

460529,760,978

460630,6,3

460752,5,1

461004,141,89

461118,87,95

461180,63,60

461824,282,311

462275,18,15

462283,22,27

462367,11,17

462663,983,998

462736,128,249

463801,339,311

464204,425,381

464613,6,3

464830,596,782

464904,190,288

465043,52,72

465739,15,8

465853,4,2

467272,478,235

467295,474,454

468242,426,315

468827,9,12

468864,472,540

469017,35,22

469296,60,59

469357,4,2

470906,210,272

471413,61,58

473365,10,3

473436,49,41

473528,2,1

474236,225,191

474279,193,235

474586,4,2

474742,822,977

474843,1,0

475197,4,1

476635,42,17

476784,31,26

477168,49,41

478052,13,8

478134,13,7

478999,19,21

479734,3,1

480467,219,238

481495,235,301

481638,19,25

481736,9,8

482603,1494,1077

482625,20,29

482636,1411,1097

483809,116,68

484032,21,28

484248,951,811

484729,231,358

484938,4,1

484953,53,20

485035,21,10

485227,878,833

485596,309,282

485704,79,70

486030,31,63

486767,30,19

487563,254,318

487752,89,55

487801,359,455

487862,91,83

488095,23,12

488434,17,10

488553,382,442

488651,68,51

489641,53,59

490983,192,225

491520,71,67

492127,16,17

492765,16,24

493408,67,66

493894,9,6

494000,368,363

494142,10,8

494245,19,10

495118,861,996

495857,1040,1076

495864,21,31

496679,19,9

496842,36,35

496882,138,120

497149,949,1104

497376,83,79

497553,8,1

497997,84,78

498990,620,480

499292,58,28

499838,312,418

500084,113,92

500247,17,15

500358,7,1

500451,220,227

500985,33,37

501107,23,13

501640,165,213

502128,14,16

502769,182,188

502803,1186,1312

502982,13,8

503736,664,698

503822,6,3

503970,81,121

504085,45,32

504194,63,92

504450,39,9

504575,144,155

505011,38,35

505182,68,57

505361,864,1021

506419,291,343

506678,458,628

507257,83,84

508780,492,422

508963,748,819

509358,375,323

509717,51,66

509878,178,185

510196,411,358

510274,492,458

510394,158,152

510486,647,424

511389,152,150

511781,635,645

512191,29,32

512272,800,990

512609,130,99

513541,29,74

514417,1113,1324

514438,761,773

514645,26,22

515929,1407,1264

516163,22,20

516298,82,67

516710,967,932

518085,80,74

518531,404,376

518859,71,120

518888,296,388

519433,477,474

520046,5,1

520054,97,84

520109,14,12

520524,51,50

521178,4,2

521692,14,10

521698,153,121

521943,15,22

522032,22,23

522186,60,56

522249,16,14

522415,15,12

522711,113,106

523378,237,247

523641,53,32

523977,8,7

524412,14,11

524698,1073,701

524840,20,7

524889,32,46

524922,16,16

525168,5,10

525272,788,973

525323,534,590

525690,65,65

525828,19,16

526361,105,85

526481,147,128

526649,82,61

526691,60,52

527263,447,521

527615,70,67

527693,13,10

527768,8,7

528118,80,76

528510,14,16

528516,16,14

528530,12,5

528981,171,166

529543,356,379

529662,93,84

530079,84,71

530499,403,401

530908,1106,1028

531144,82,76

531824,62,194

532203,2,2

532358,270,322

532442,28,37

533015,67,63

533093,71,65

533656,48,16

533798,569,754

535082,64,60

535703,88,70

535955,1099,1082

536330,239,363

537511,32,17

537923,43,57

538137,15,25

538711,11,9

539017,7,0

539385,79,67

539386,287,271

539609,143,179

539617,9,7

539865,409,184

540495,525,750

540937,378,366

542027,78,94

543006,1056,891

543133,8,4

543291,13,12

543690,333,359

545151,84,95

545196,30,19

546233,335,288

546321,66,38

546985,160,134

547322,275,310

547746,495,394

547838,1117,997

547951,904,864

548110,95,73

548151,58,70

548950,13,2

549068,11,9

549131,71,79

549257,13,10

549264,261,288

549394,2,8

549739,466,446

549795,1128,1006

549850,1291,1278

550075,83,87

550165,13,8

550794,193,215

551078,63,59

551143,5,2

551840,751,1012

551928,298,339

551933,616,510

552191,14,13

552331,253,308

552487,765,717

552852,17,16

552932,20,18

553559,14,12

554059,459,169

554218,3,0

554286,1067,1105

555404,550,466

556071,53,46

556129,13,18

556195,88,63

556558,310,389

557591,206,200

557608,6,4

557868,93,78

557871,41,21

557891,99,90

558950,30,11

559418,1234,909

560023,1777,1120

560100,96,79

560114,85,117

560932,11,10

562000,719,956

562139,79,57

562597,92,76

562794,14,7

562858,166,159

563405,28,13

563570,90,100

564103,349,406

564169,32,30

564293,29,12

564436,25,10

564647,851,832

564730,75,53

564763,714,882

564829,25,21

565351,45,43

565653,4,1

565854,55,49

566020,45,42

566139,545,639

566357,866,1100

567024,28,32

567412,359,372

567670,69,71

568810,341,354

568852,80,69

569511,129,111

569764,82,74

570066,17,12

570247,660,420

570267,70,62

570540,17,17

570744,93,92

570749,183,144

571263,30,24

571266,8,6

571588,162,144

573237,5,3

573534,1,1

573715,81,82

573959,15,8

574013,212,218

574985,29,37

575013,85,77

575073,10,5

575123,323,394

575148,14,18

575508,3,3

575771,149,223

576639,40,87

576890,6,7

576974,92,97

577512,858,948

577530,98,62

577571,10,2

577784,22,27

578244,22,16

578682,55,72

578697,488,546

579170,14,10

579220,232,264

579564,958,1064

579661,92,75

579897,11,13

579967,21,22

580461,300,278

580645,34,33

580785,717,747

580975,336,334

581500,45,52

581794,705,646

582025,401,353

582660,65,54

583339,1126,1003

583927,1001,1011

584017,322,390

584178,461,441

584464,284,269

584961,297,298

585556,54,51

585722,4,2

587055,23,13

587327,250,309

587358,35,49

587445,1119,1197

587738,419,542

588165,14,10

588529,18,24

588544,491,533

588605,35,30

588743,26,27

589093,17,10

589448,544,443

589598,654,659

590079,175,164

590484,472,348

590704,12,12

590785,45,44

590805,1335,1392

590879,12,12

590966,85,85

591023,671,604

591107,51,65

591590,97,85

591639,7,1

591820,767,803

592271,40,26

592404,9,6

593137,11,5

593157,6,2

593798,6,2

594162,358,376

594316,59,52

594501,8,4

595122,20,7

595416,341,481

595512,581,444

595748,80,76

596000,13,1

596077,44,58

596085,453,470

596157,20,35

596216,332,296

596466,41,16

596632,400,461

596918,512,437

598893,12,16

598945,24,10

599804,13,7

600044,332,287

600636,81,74

600806,13,14

601942,83,67

602138,699,161

602296,708,823

603369,362,273

603629,61,58

603810,340,365

605020,8,2

605197,61,80

605262,20,24

605315,16,18

605486,17,19

606198,18,20

607632,43,56

608152,7,1

608482,9,13

609983,21,25

610033,266,426

610043,40,19

610091,25,15

610092,188,194

610496,614,362

610522,25,8

610790,17,5

610835,18,22

611274,26,15

611287,5,6

611409,65,59

611447,1017,896

611642,134,119

611748,52,68

612084,57,64

612108,14,15

612324,130,135

612370,25,17

612957,75,80

612964,86,77

613217,19,18

613364,19,18

613565,408,160

613750,313,133

613835,394,448

613971,220,262

614253,84,66

614566,52,50

615289,21,16

616395,8,6

616886,102,83

617164,70,100

617592,510,98

617679,834,575

617788,82,64

617956,50,49

617974,15,79

618091,177,213

618369,6,1

618380,107,80

618704,615,542

618887,413,117

619064,12,10

619301,392,302

619341,41,73

619449,26,10

619857,6,2

620119,212,199

620184,1979,1336

620186,106,111

620478,67,60

620669,60,56

621499,80,81

621723,530,461

623702,16,12

624375,77,71

624494,92,77

625062,343,345

625731,42,48

625981,28,44

626177,180,269

627378,17,12

627904,77,66

628480,10,5

628661,476,233

628864,18,10

629314,39,33

629339,24,8

629930,10,5

630239,616,656

630304,235,167

630410,53,30

630509,237,252

630617,18,7

631146,10,5

631684,1053,1321

632432,18,19

633081,7,4

633804,27,12

634474,10,7

634799,15,2

634880,1155,1294

635075,56,50

636823,450,181

637018,167,165

637270,57,103

637544,55,53

637588,141,315

637839,8,5

637878,53,79

638668,13,12

638913,73,68

639120,203,163

639148,18,13

639721,73,83

639730,5,1

640169,73,66

640448,1018,1149

640518,523,488

640904,100,82

641397,71,66

641516,23,30

642727,17,23

643918,457,409

644080,781,733

644244,472,476

645300,199,361

645418,20,9

646143,427,401

646245,841,486

646337,20,27

646993,8,4

647120,227,199

647471,320,383

647535,488,299

647574,5,1

647751,72,67

647774,33,21

648000,57,65

648793,20,13

649155,65,58

649981,241,267

650064,61,59

650127,75,66

650299,186,235

650501,89,77

650800,73,82

651100,805,747

651191,363,367

651242,26,18

651308,775,903

651523,73,88

651835,194,181

651950,140,82

653824,17,14

655378,2,1

655459,63,60

656123,62,59

656653,26,16

657292,925,971

657862,175,162

658367,30,28

659085,279,283

659110,61,66

659383,87,77

659961,53,62

660201,39,44

660203,21,10

660551,17,19

661368,920,905

661855,2,0

661984,774,846

662057,38,32

662174,68,61

662594,913,1093

662758,110,87

662894,81,79

663266,75,68

663299,27,33

664290,461,464

664389,423,400

664579,724,434

664771,24,18

664979,862,895

665331,411,535

665399,22,7

665529,55,53

665541,67,34

666291,63,68

666974,12,5

667374,186,213

667435,818,800

667855,699,732

667963,125,96

667990,28,13

668344,20,17

668484,42,56

668586,213,396

668662,65,61

668727,17,18

668834,371,317

668846,22,6

668872,898,837

669058,9,5

669199,569,513

669571,106,91

669587,51,51

669589,11,12

669970,20,15

670536,213,143

670911,28,25

671599,6,6

671740,26,13

671868,3,0

671931,33,24

672011,71,75

672552,1,0

672903,43,40

672918,468,640

673087,71,52

673209,463,337

673451,338,296

673982,145,125

674952,74,66

674984,18,13

675346,1167,1239

675378,2,0

675561,7,4

675612,81,77

675616,524,438

675710,3,0

676142,510,853

676274,52,73

676667,59,54

677180,22,7

677275,974,1001

677703,447,128

678292,636,569

678349,12,5

678435,21,9

678625,20,22

679139,1095,1090

679297,175,181

680236,65,61

680685,22,16

680789,19,25

681153,178,158

681230,298,180

681305,464,534

681480,20,13

681615,16,13

681821,31,14

682565,536,532

682679,281,171

682722,166,207

683323,17,24

683399,29,36

684948,20,16

684997,76,72

685081,499,576

685539,240,255

685723,569,445

685884,308,229

686079,305,441

686158,358,290

686305,74,78

686397,62,59

686826,141,158

687631,190,197

687983,12,12

688489,1,0

688553,254,231

688770,18,14

688908,1097,877

688978,18,10

689113,32,29

689624,18,22

689950,68,43

690747,663,443

690877,53,83

691411,22,13

691481,405,436

692349,44,34

692491,91,78

692554,216,228

692637,14,16

692899,1724,1242

693134,27,44

694491,12,6

695430,32,18

696249,74,77

696925,328,387

697057,183,187

697375,19,12

697697,80,82

698208,220,177

698636,333,433

700571,60,59

701314,15,17

701387,14,19

702236,68,62

702499,64,67

702567,3,1

702761,379,361

703296,745,875

704004,64,67

704292,9,5

705064,8,2

705173,438,483

705530,10,12

706796,172,178

707450,999,1098

707811,380,324

708080,680,692

708548,731,831

708696,1,0

708734,79,78

709279,67,61

709833,19,8

709900,12,6

709950,404,448

709987,698,689

710019,885,1062

710382,61,48

710974,290,340

711106,64,69

711179,243,237

711205,691,1041

711301,36,3

712357,104,63

712463,4,1

713288,1242,994

713519,63,58

713536,1310,1047

714076,32,38

714084,100,96

714317,14,20

714380,689,706

714788,211,188

715073,23,17

715273,24,34

715332,34,15

715390,957,991

715722,72,64

715995,32,33

716093,222,254

716162,58,74

716589,13,9

717052,19,23

717179,972,1074

717547,575,630

718149,20,12

718222,24,33

718607,600,565

721145,19,31

721425,71,70

721817,270,297

723831,316,319

724350,74,62

724491,117,87

724670,263,402

725044,33,33

725559,138,79

726657,6,5

726680,15,13

727222,141,127

727327,36,17

727598,276,308

727632,14,17

727998,525,698

729136,1372,1170

729373,179,295

730487,47,68

730966,41,32

731228,398,316

731443,983,1027

731538,24,20

731574,112,94

732739,209,151

732769,6,1

732943,21,10

732959,463,467

733140,528,681

733475,266,188

733557,48,44

734180,425,381

734441,81,93

734884,317,388

735026,75,69

735230,19,30

735477,26,31

736285,8,8

736288,5,3

736972,106,130

737117,27,16

737363,26,37

737536,89,87

737575,786,740

739490,404,704

739587,436,387

739949,564,459

740139,7,6

740577,18,9

741636,6,3

742660,628,441

744017,848,838

744541,282,279

744780,4,2

745214,167,215

745324,8,5

745640,63,59

746010,50,19

746539,711,944

746567,29,29

746574,46,42

747056,326,326

747172,197,190

747486,759,851

747874,327,306

747926,28,16

748193,8,14

748518,283,429

748592,915,1096

748719,731,790

748917,77,86

748943,442,131

749044,13,16

749491,50,21

749964,19,20

750163,5,3

750190,46,43

750540,8,4

750724,32,26

750943,375,371

751494,62,59

751565,24,20

752231,9,3

752256,9,5

752462,129,119

752767,30,29

753092,13,9

753593,20,9

754726,77,76

754784,21,11

755822,282,246

756153,66,163

756207,13,6

756531,29,30

756638,1101,1110

757027,5,2

757419,248,286

757845,780,951

757916,12,10

757980,216,223

758460,38,26

759216,71,61

759792,1028,981

760294,60,84

760316,29,26

761803,20,14

763108,1059,902

764378,25,17

764663,15,17

765755,71,62

765962,519,667

766183,64,62

766218,10,3

766385,22,7

767004,37,30

767055,281,311

768020,795,709

768446,12,11

769058,127,80

769171,5,1

769435,210,187

770252,90,83

770804,84,82

770923,6,1

771390,60,70

771453,1079,890

771525,169,130

772368,856,785

772909,550,435

773058,50,40

773078,655,563

773784,92,66

773932,45,38

773980,412,416

774775,218,246

774876,72,67

775758,63,65

775927,67,61

776776,30,26

776834,559,622

777006,26,22

777056,149,191

777155,5,8

777171,63,63

777421,5,3

777486,448,367

778821,27,10

779535,441,439

780190,8,2

780915,24,11

780918,22,19

780921,17,17

780944,246,240

780945,10,10

781978,708,528

782299,1015,998

782351,88,56

782664,75,69

782811,20,12

782954,117,88

784566,1114,952

785325,344,361

785868,79,82

786362,11,7

786425,9,2

786543,397,442

786928,1308,1136

786972,25,17

787178,939,798

788374,2,1

788489,3,7

788497,149,74

788576,5,1

788735,128,147

788910,42,32

789396,850,911

791077,268,348

792368,858,920

792475,73,41

793595,12,4

793673,26,24

793703,62,61

794198,707,427

794235,63,62

794494,371,345

795160,296,265

795257,416,217

795931,144,124

795970,83,75

796138,777,798

796491,27,15

797787,4,1

798193,220,218

798323,33,23

798559,112,80

798609,517,464

798854,214,221

798869,882,848

798967,64,59

798994,1101,1134

799114,19,19

800528,63,62

800724,1271,1026

800878,112,135

801052,262,393

801477,24,22

801511,15,8

801612,76,87

801953,847,752

802229,243,271

802388,18,14

803659,1086,1217

805298,673,637

805435,29,12

805788,146,230

806371,84,68

806419,28,27

807801,39,30

807812,209,213

808354,903,843

808515,46,51

808776,7,1

808815,97,74

809068,40,37

809175,509,555

809231,47,45

809255,19,13

809635,180,133

809759,497,222

810123,1102,954

810181,84,79

810212,8,3

810466,665,743

810496,3,2

810735,510,640

810843,13,7

810856,542,177

810862,308,267

811009,33,13

811356,29,19

811616,4,1

812073,39,49

812224,42,15

812472,17,15

812894,73,55

813534,348,384

813636,922,699

813641,81,78

813863,255,231

814498,46,44

814523,261,349

814577,88,73

815184,51,64

816045,448,477

816120,575,445

816259,30,19

816619,337,360

816686,5,1

816813,70,74

817013,73,135

818140,206,194

818409,15,14

818411,9,5

819081,35,34

819126,5,2

820353,558,434

821075,156,244

821526,1305,1085

821721,767,902

821837,487,483

822384,25,29

822775,8,3

822936,58,56

823565,15,19

823816,19,27

823949,81,75

824041,107,167

824420,1434,1227

824431,354,449

825258,96,75

825466,765,637

825652,77,56

825934,1,1

826048,22,10

827020,74,80

827113,49,22

827231,7,0

827251,3,1

827497,862,1018

827522,700,686

827532,397,380

828045,1241,1066

828737,662,292

829928,280,283

829943,1412,1287

830269,477,547

830550,56,46

830650,492,492

831322,16,17

831739,161,103

831782,75,76

832467,79,63

832505,16,9

832516,705,1073

832662,716,772

833015,83,40

833215,7,11

833313,466,434

833413,1,1

833459,27,16

833743,60,63

834234,909,934

834723,251,236

834954,40,24

835362,82,75

835980,436,482

835984,21,22

836420,25,15

836515,18,22

836726,8,1

836758,18,21

837947,26,40

837989,57,54

838026,188,197

838576,171,202

838747,32,19

838917,593,735

839308,77,105

839555,223,241

839736,44674,44681

840358,17,10

840930,291,364

841206,895,861

841314,86,222

841552,35,38

841821,82,65

841993,8,1

842189,347,383

842328,58,57

842645,22,21

842853,871,799

843142,9,5

843206,213,247

843582,372,395

844016,13,15

844017,50,47

844271,257,228

844301,24,23

844319,72,70

844639,6,4

845051,94,159

845135,14,9

845407,107,93

845597,202,191

846280,157,182

846631,57,53

846957,408,365

847368,17,17

847425,90,90

848245,33,27

848722,1196,1017

848800,95,108

849110,70,79

849388,85,84

849521,58,56

849807,4,1

850324,71,58

850606,30,13

851421,87,89

851555,257,269

851838,64,72

853432,68,73

853917,72,73

854137,15,9

854271,24,12

854341,9,2

854868,340,617

855137,53,60

855159,170,210

855326,76,74

855493,11,18

855712,71,66

856067,1238,1076

856425,79,80

856455,56,30

856673,16,17

857114,417,405

857616,547,504

858578,111,118

858748,1406,1103

859038,3,0

859113,76,65

859741,22,13

859841,24,22

860381,3,0

860426,76,62

860499,498,489

860506,837,1157

860772,389,367

861128,767,809

861665,4,7

861673,33,32

861939,131,108

862836,948,991

862848,44,55

862889,5,1

863011,4,0

863916,15,22

863925,135,142

864018,71,72

864342,90,89

864454,8,14

864634,89,72

864833,73,76

866007,13,2

866321,48,70

866636,1480,1250

866988,284,307

867873,59,57

868222,29,16

868390,100,71

868421,176,210

868693,172,152

869116,406,375

869366,1025,984

869478,23,16

870287,357,395

870289,31,5

870379,86,76

870414,655,385

870731,1310,1013

871111,606,805

871333,47,29

871433,106,123

871672,64,60

871859,347,304

872187,13,16

872585,6,2

872624,70,78

872825,247,273

873143,58,22

873560,21,14

874070,61,56

874286,479,424

874447,99,87

874468,505,518

874520,1258,1147

874532,710,577

874650,91,61

874887,793,737

875263,462,541

875420,413,771

875548,59,56

875863,813,636

876940,18,16

877519,84,33

877935,62,33

877947,107,88

878162,174,137

878281,392,371

879534,59,53

879813,83,78

879932,145,144

880281,80,86

880619,27,14

881043,4,2

881585,27,16

882177,152,150

883270,511,602

883537,74,106

883742,376,131

884260,94,73

884409,7,6

884921,23,13

884969,26,29

885164,17,17

885299,55,51

885675,71,65

885725,212,202

886397,43,22

886431,15,15

886959,106,97

887530,551,853

887771,30,25

887962,61,41

888391,6,2

888773,12,2

889064,472,194

890649,39,48

890800,85,85

890825,9,17

891094,18,20

891298,199,208

892938,490,453

893229,5,1

893833,29,17

894080,20,12

894204,313,357

894820,90,84

894840,191,165

895448,71,64

895792,39,23

896061,70,64

896394,76,66

896600,19,19

896617,406,341

896787,982,936

896833,77,81

896882,498,642

897528,100,64

898576,339,371

898597,90,77

899077,14,29

899459,350,200

900405,59,55

901374,128,114

901652,6,4

902529,151,194

902530,595,673

902902,18,17

903174,8,5

903238,47,21

903704,33,26

903723,1102,896

903769,16,12

904007,4,4

904030,257,260

904119,712,479

904226,73,79

905327,25,14

905838,811,1049

905938,5,0

906235,1,1

907043,592,597

908358,18,18

908932,258,201

908943,1228,1099

909165,71,72

909448,751,966

910050,22,15

910112,817,969

910527,296,340

910810,23,20

910832,1560,1257

910939,568,718

911069,52,57

911356,318,390

911571,109,187

911823,1093,1164

912123,30,31

912171,24,18

912353,783,690

912572,1117,1102

912624,21,22

912864,37,25

913511,68,63

914298,1124,850

914685,432,449

915404,416,436

915555,15,8

915689,41,23

915755,13,12

916289,339,487

916428,79,82

916734,6,2

917279,12,21

917809,11,3

918004,17,8

918008,222,222

918404,535,460

918738,1189,1070

919293,39,37

919488,71,65

919766,184,183

919861,48,38

919935,121,112

921294,98,79

921389,20,25

921700,23,12

921765,158,238

921779,1029,1125

921842,200,199

921888,6,3

922955,89,74

922969,66,104

923068,83,64

923760,146,128

924388,77,16

924677,186,215

924693,288,321

925094,78,68

925219,5,1

925322,76,37

926581,95,81

927184,100,92

927280,204,205

927542,147,141

928330,75,67

928491,19,18

928500,203,173

928842,102,101

929088,229,216

930115,20,28

930140,32,23

930161,13,18

930542,1028,984

930960,5,1

931011,611,734

931049,638,610

931476,413,431

931560,35,41

932649,13,18

932809,19,17

933342,67,67

934929,238,257

935265,7,13

935358,79,69

935734,541,777

935776,520,757

935851,1452,1111

936244,193,132

936420,72,65

937230,163,162

937459,1205,1098

938483,420,352

938574,13,11

938700,25,23

939471,182,195

939665,57,54

939891,61,57

940341,35,19

940564,86,69

941235,8,2

941552,25,30

941561,364,432

941650,374,328

941716,14,1

941906,773,901

942243,271,268

942816,5,2

943291,24,10

943665,72,70

943910,78,63

944133,27,28

944383,966,1124

944823,58,64

945257,454,513

945461,13,21

946134,111,83

946785,87,88

946866,5,0

947320,1094,1133

947415,19,15

947419,8,5

947572,433,452

947678,98,73

947796,17,10

947820,80,72

948452,4,1

948459,147,114

949266,144,187

949321,22,10

949503,37,31

950168,42,50

950729,6,0

951610,745,821

951933,161,296

952202,34,27

952396,483,391

952853,507,479

952892,324,315

953272,8,3

953336,721,712

953701,164,136

953856,185,226

954277,68,57

955733,1163,918

956179,14,12

956251,4,11

956305,3,1

956415,40,35

957896,36,40

958301,31,21

958399,63,45

958431,154,158

958832,81,99

958963,283,316

959101,56,45

959137,112,99

959623,146,131

960169,361,358

960769,59,26

960881,4,3

961328,12,8

961799,521,478

962058,109,88

962171,125,130

962347,933,988

962457,22,25

962522,10,5

962936,31,33

963148,686,587

963165,515,363

963275,74,72

963448,358,369

963924,234,170

964113,639,887

965639,309,319

966068,74,71

966340,478,546

966510,460,403

966528,100,111

966620,27,22

966656,31,17

967137,26,12

967171,295,286

967732,134,117

968110,6,3

968310,23,20

968455,654,532

968489,1622,1268

968918,56,49

968967,819,835

969256,12,6

969340,807,1324

969451,22,22

969502,66,70

969766,54,18

969955,78,78

969991,325,429

970160,683,759

970490,708,715

970547,788,745

970913,20,5

971885,393,433

971995,64,61

972152,221,216

972182,1024,862

972256,229,223

972532,1523,1306

972709,21,8

973038,98,95

973062,237,248

973383,25,9

973520,17,33

974088,76,68

974337,306,437

974401,2,1

975598,1045,945

975742,516,652

975788,35,19

976760,75,61

976785,388,382

976794,20,20

976932,17,22

978007,421,419

978147,22,17

978753,10,7

978893,20,8

979599,10,6

979804,162,133

980571,324,321

980947,65,69

981100,18,12

981786,339,295

981849,80,65

982050,83,79

982081,30,44

982692,910,906

982738,8,5

983170,378,237

983590,385,288

983958,27,60

984014,19,31

984067,54,75

984103,30,36

984430,22,20

984542,2,1

984793,627,589

985063,432,179

985107,102,104

985277,1106,884

986259,57,50

986349,1010,1040

986735,184,170

986747,467,359

987019,160,127

987300,13,8

987495,49,18

987837,839,1070

987998,13,18

988181,965,890

988355,538,423

988972,1264,1268

989326,31,22

989438,69,53

989604,17,15

990711,1067,1127

990801,398,432

990811,13,6

991560,480,366

991629,158,175

991847,38,11

991984,497,507

992045,1085,918

992800,82,75

992928,40,31

993331,485,687

993849,20,9

994330,10,13

994461,28,46

994541,1046,817

994583,5,3

994721,16,9

995009,1316,1061

995292,161,156

996390,708,764

996825,246,404

996950,76,72

998192,58,54

998537,82,26

998575,23,13

999107,505,458

999412,93,59

1000279,77,69

1000473,83,85

1000618,16,11

1000708,16,13

1000959,96,75

1001533,7,2

1001995,86,76

1002336,293,352

1003120,7,1

1003392,589,512

1003429,332,471

1003815,1008,997

1006879,208,248

1007694,100,79

1007782,570,511

1007911,17,10

1007934,423,458

1008236,8,0

1008448,388,411

1008801,66,58

1008896,177,142

1009183,958,961

1009525,10,3

1009817,85,72

1010409,13,13

1010436,94,88

1010543,62,55

1010658,88,69

1010732,471,664

1010782,16,25

1010817,17,11

1011112,8,6

1011997,183,181

1013087,9,3

1013417,28,15

1013683,74,69

1013867,57,16

1014226,141,128

1014468,882,1013

1014878,9,4

1015080,1098,977

1015390,204,250

1015718,212,191

1016199,9,4

1016253,978,852

1016471,55,38

1016590,19,16

1016895,19,26

1017662,11,8

1019339,329,286

1019429,62,30

1019775,282,270

1020386,587,750

1020418,270,186

1021800,7,2

1022072,71,71

1022339,56,67

1022662,39,33

1022772,1365,1261

1023244,697,221

1023477,646,593

1023704,16,4

1023869,89,62

1024278,279,316

1024331,847,858

1024520,19,14

1025037,11,0

1025406,12,7

1025627,1038,1024

1025781,29,27

1026104,13,8

1026614,78,69

1027276,30,36

1027483,14,10

1028085,199,189

1029098,1031,1029

1029542,11,5

1030805,6,3

1030897,6,0

1031110,18,11

1031147,1287,1209

1031660,14,2

1031930,27,5

1032029,691,609

1032434,329,342

1032807,21,15

1033080,482,435

1033530,9,4

1033825,942,1191

1034322,50,20

1034332,66,75

1034525,88,90

1034802,1061,1308

1035153,449,335

1035530,18,15

1035959,433,362

1036585,15,18

1037450,176,158

1037962,119,141

1038231,1,0

1038241,862,741

1038396,77,77

1038735,23,34

1038892,923,891

1039004,16,6

1039362,108,78

1039546,539,453

1039702,68,63

1039958,651,601

1040124,50,40

1041478,853,891

1043605,36,27

1043632,507,485

1043977,619,436

1044391,220,200

1044665,21,19

1045021,808,693

1045425,20,21

1046264,79,56

1046518,15,18

1046898,1123,942

1046909,64,60

1047279,311,212

1047819,372,366

1048364,1098,1061

1048798,452,432

1048959,49,46

1048966,291,189

1049103,47,25

1049333,8,14

1050626,391,358

1050809,1263,1126

1050842,849,1014

1050903,173,219

1051684,64,61

1051814,71,72

1052726,13,18

1052955,16,11

1053269,14,15

1053403,21,10

1054327,26,23

1055545,17,11

1055602,65,62

1055682,184,154

1056227,1044,1110

1056414,255,125

1057358,62,59

1057485,20,17

1057870,357,315

1058071,1031,1067

1058549,167,197

1058571,54,48

1058643,11,6

1058644,60,58

1058673,73,68

1059148,45,50

1059177,13,2

1059914,314,347

1060039,1055,1023

1060430,211,164

1060545,543,564

1060589,75,65

1060632,525,599

1060904,679,877

1061215,246,260

1061759,8,6

1061985,16,17

1063010,797,828

1063052,16,8

1063521,182,284

1063750,7,2

1063806,27,25

1064643,81,85

1065343,363,447

1065475,14,8

1065547,5,2

1065883,221,368

1065976,663,565

1066624,10,8

1067283,67,60

1067453,75,70

1067745,80,84

1068896,233,286

1069800,42,50

1070212,407,429

1070569,275,280

1070639,18,9

1071486,131,110

1071523,745,495

1071824,1325,1294

1072283,69,64

1072382,183,215

1072884,6,4

1072988,568,473

1073497,92,119

1073933,824,1150

1074970,3,0

1075202,20,28

1075377,64,57

1075446,301,299

1075494,758,647

1075885,823,964

1076477,772,983

1078699,186,161

1078759,68,66

1078782,519,442

1078883,18,26

1079011,12,6

1079786,78,75

1079812,29,14

1080164,101,92

1080514,16,23

1080834,25,19

1080888,18,9

1081334,29,13

1081428,502,430

1081552,26,8

1082022,149,116

1082533,768,471

1082547,595,768

1082610,64,74

1083077,238,241

1083322,820,793

1083901,964,1348

1084844,499,471

1085001,707,685

1085806,12,9

1086053,9,5

1086745,18,27

1087254,69,56

1088488,463,414

1088533,76,35

1088678,5,1

1089191,7,2

1089302,211,447

1089358,63,82

1089690,17,14

1089795,29,37

1089957,276,230

1090272,25,22

1091602,7,2

1091834,84,77

1091843,1142,1063

1092525,232,228

1092780,76,96

1092832,691,651

1092913,74,62

1094939,240,307

1094972,26,19

1095099,11,6

1095102,38,65

1095309,677,455

1095420,798,821

1095464,10,3

1096420,62,52

1096872,1374,994

1097184,21,20

1097988,9,5

1098136,23,11

1098358,648,750

1098471,202,179

1099060,394,138

1099456,407,425

1099687,30,30

1099725,58,80

1099801,113,89

1100326,32,9

1100779,14,16

1100918,68,69

1101361,1452,1147

1101472,623,678

1101852,190,118

1102394,7,4

1102428,1009,917

1102616,737,690

1103314,80,74

1103750,61,58

1103965,120,81

1104264,42,35

1104900,435,664

1104936,185,419

1104960,92,86

1105427,72,76

1106024,275,246

1106029,67,80

1106618,79,72

1106999,8,1

1107067,18,20

1107698,56,46

1108132,395,354

1108165,62,73

1108226,25,25

1109022,26,20

1109124,297,211

1109173,43,59

1109328,21,32

1109589,183,419

1109827,2,0

1110694,981,1002

1111313,832,758

1111880,270,242

1112410,56,53

1112414,158,149

1113108,414,412

1114109,755,750

1115070,19,30

1115098,28,26

1115391,27,26

1115437,1129,1050

1115809,12,18

1115813,19,9

1115919,16,21

1116214,103,52

1116329,980,854

1116730,80,70

1116893,441,450

1117699,98,96

1118027,873,818

1118070,21,16

1118450,51,49

1118561,23,12

1118800,72,65

1119534,77,77

1119806,769,951

1119879,34,12

1120259,349,431

1120728,19,13

1120873,242,300

1120951,16,17

1121686,152,223

1122643,289,287

1122878,665,792

1122884,3,2

1122923,508,402

1123214,92,59

1123459,325,257

1123691,26,8

1123817,30,4

1124046,401,187

1124207,610,476

1125646,156,177

1126251,13,9

1126372,417,554

1126403,17,6

1127216,14,6

1127609,396,353

1127979,78,102

1128427,76,80

1128580,1023,1047

1128912,2,1

1129933,558,455

1130496,679,680

1130591,190,478

1130942,511,169

1131984,33,31

1132076,238,300

1132385,98,87

1132417,1142,1149

1132521,23,19

1132882,7,3

1133806,180,288

1133817,79,71

1134427,27,10

1134800,702,712

1134821,4,1

1134897,66,63

1135093,16,8

1135172,15,17

1135276,391,205

1135949,120,92

1136377,22,2

1137349,4,2

1137983,948,1007

1138286,395,373

1138323,47,44

1138370,1033,1075

1138406,9,4

1139385,70,81

1140349,178,176

1140475,557,656

1140651,9,3

1140789,12,1

1141915,14,19

1142377,377,407

1142698,48,47

1143027,23,17

1143242,39,9

1143660,23,24

1143856,757,727

1143933,77,77

1143968,655,368

1144069,342,343

1144531,89,74

1144742,44,30

1145018,243,276

1146756,38,46

1146988,21,17

1147181,239,272

1147405,88,73

1147490,330,312

1147927,56,51

1148243,18,10

1148377,421,390

1148774,287,317

1149129,1305,1188

1149594,118,97

1149603,575,760

1149884,468,448

1150130,9,8

1150140,94,75

1150840,40,38

1151026,21,20

1151513,956,1010

1151517,11,19

1151635,93,93

1151723,29,11

1152015,1316,1068

1152327,23,25

1152794,651,972

1153044,679,643

1154170,328,276

1154245,18,15

1154392,15,8

1155184,64,62

1155253,201,167

1155375,565,442

1155470,122,111

1155530,23,15

1155666,31,16

1155913,1294,1057

1155936,16,22

1156557,86,89

1156732,76,68

1156879,185,166

1156938,755,679

1156947,18,14

1157521,16,16

1158750,65,59

1158948,1025,1386

1159079,18,8

1159254,319,118

1159821,19,15

1159867,34,18

1159870,647,851

1160464,64,58

1160780,411,218

1161861,446,460

1162133,790,991

1162307,5,17

1162449,77,78

1162574,407,448

1162853,21,22

1163363,57,45

1163644,5,2

1164114,893,990

1164383,450,352

1164481,87,109

1164505,128,124

1164615,79,75

1164755,1,0

1165018,11,4

1165217,399,184

1165232,336,757

1165390,234,206

1165756,728,543

1165979,640,568

1166122,900,1315

1167284,58,55

1167555,223,237

1168991,1667,1359

1169163,66,75

1169300,165,305

1169559,462,384

1169971,84,89

1170077,333,316

1171097,435,355

1171139,251,260

1171588,64,64

1172699,48,62

1173853,167,138

1173915,229,256

1174266,398,358

1174929,67,65

1174961,20,12

1175402,1360,1054

1175846,133,146

1175862,29,13

1175999,16,24

1177549,274,317

1178625,174,106

1179385,933,946

1179412,80,96

1179533,25,15

1179694,95,62

1180332,289,319

1180391,27,11

1180493,807,1119

1180630,349,323

1180823,88,77

1180843,31,57

1180872,23,18

1180904,32,26

1180958,414,341

1181119,76,41

1181952,7,2

1182162,100,90

1182208,319,353

1182572,30,26

1182901,63,59

1183890,9,6

1185012,55,48

1185688,74,59

1186103,44,28

1186566,20,20

1186622,6,4

1186904,594,443

1187185,25,14

1187902,74,77

1187909,66,68

1188052,57,59

1188663,779,918

1188775,39,41

1188959,7,2

1189267,12,9

1189602,13,9

1189979,24,10

1190131,852,974

1190174,18,8

1190244,84,68

1190250,9,8

1190482,95,101

1190780,1083,1051

1190838,20,14

1191147,1534,1114

1191447,18,16

1191716,975,810

1192765,20,23

1192940,35,24

1192975,17,11

1193976,100,85

1194531,143,103

1194932,23,20

1195226,104,116

1195510,2,0

1195660,22,14

1195998,10,2

1196231,20,32

1196253,11,7

1196426,180,172

1196473,59,54

1196605,1,0

1196711,301,261

1196769,4,2

1196917,39,29

1198310,5,2

1198429,12,14

1198534,643,244

1199300,182,182

1199497,10,21

1199860,102,91

1200408,157,137

1200605,6,3

1200791,449,391

1200858,4,2

1200913,264,432

1201132,1443,1050

1201562,86,87

1201916,5,3

1202675,425,387

1202957,78,51

1202975,303,315

1203064,1052,761

1203411,599,627

1203764,1024,1000

1204799,29,30

1204869,941,1100

1205005,21,31

1205101,321,342

1205744,68,62

1205773,546,754

1205855,58,72

1207278,359,412

1207597,184,222

1207712,17,20

1207949,30,20

1207988,73,74

1207997,226,279

1208350,832,1030

1208846,949,1029

1208888,1239,1066

1209234,62,80

1209474,20,22

1210589,412,348

1210755,27,23

1211295,48,54

1212050,371,326

1212680,411,355

1213942,1034,994

1214078,65,60

1214082,12,1

1214689,431,472

1215811,17,10

1215994,1289,1210

1216041,18,14

1216173,827,734

1216182,11,8

1216196,19,9

1216882,34,31

1217112,87,112

1217359,1056,917

1217381,396,361

1217734,12,16

1217774,26,16

1218201,23,17

1218278,956,1185

1219287,147,221

1219615,83,55

1220077,83,75

1220171,27,23

1220535,110,61

1221080,792,691

1221432,3,1

1221593,23,11

1221753,347,292

1221844,23,22

1222078,360,409

1222166,237,405

1222479,15,21

1222505,7,4

1223245,776,398

1223310,645,728

1223353,80,78

1223634,4,2

1223924,317,428

1224245,684,830

1224859,59,55

1224921,73,51

1225068,69,73

1225156,16,17

1225597,785,994

1226322,98,90

1226361,69,67

1227009,261,278

1227319,985,1040

1227542,20,20

1228166,793,831

1228230,1275,1265

1228776,24,9

1229067,8,4

1229137,899,742

1229466,74,69

1229505,25,21

1229798,876,709

1230079,63,55

1230425,2,1

1230569,485,168

1230809,1262,1275

1230925,215,251

1231738,408,308

1232039,56,60

1232645,71,55

1232939,8,4

1233136,18,13

1233506,117,56

1234081,80,84

1234191,68,65

1234713,252,204

1234723,96,106

1234761,3,1

1235058,22,28

1235149,5,5

1235498,1049,834

1235903,24,10

1236516,38,10

1236539,22,15

1236601,1,1

1237157,22,22

1237523,8,4

1237644,17,10

1237753,11,16

1238247,212,217

1238599,598,808

1238953,870,832

1239366,81,91

1240231,547,496

1240560,68,69

1240651,545,388

1240892,57,57

1241012,82,67

1242683,11,8

1242773,59,54

1243126,339,320

1243186,49,24

1243283,17,14

1243564,17,7

1243677,61,59

1243914,20,21

1244134,67,59

1244573,836,855

1244645,12,12

1245603,27,21

1246003,950,961

1246261,225,277

1246650,147,209

1247014,5,0

1247737,715,944

1248154,26,46

1248157,45,60

1248261,99,192

1250383,230,246

1250778,1275,1022

1250941,1230,828

1250950,634,211

1251229,38,10

1252377,711,788

1252410,21,18

1253108,42,53

1254510,64,99

1254594,29,39

1255054,87,66

1255767,103,73

1257219,64,53

1257525,519,750

1257635,65,70

1258107,68,61

1259765,340,365

1261583,99,84

1261887,78,81

1262172,215,195

1262651,557,665

1263214,6,4

1263911,5,3

1264051,8,3

1264105,11,16

1264352,47,45

1265098,444,452

1265366,70,68

1265823,22,10

1265839,84,115

1266325,97,84

1267456,172,196

1267918,370,200

1268045,27,23

1268119,993,854

1268693,74,71

1269418,249,317

1269504,23,10

1270542,814,751

1272536,57,56

1273281,1341,857

1273322,52,61

1274574,14,11

1274841,290,247

1275173,59,68

1275178,484,382

1276365,99,93

1276449,3,1

1276527,325,322

1276675,62,60

1276862,151,134

1277482,285,358

1278084,33,29

1278729,47,49

1278894,81559,81353

1279087,80,72

1279196,12,9

1279689,13,19

1279908,20,20

1280724,68,64

1280922,856,897

1281551,1131,1273

1281612,11,8

1281941,83,69

1282103,24,12

1282445,510,187

1283037,69,54

1283332,701,657

1284024,9,10

1284282,178,123

1284691,21,19

1284707,368,375

1284960,304,286

1285212,6,4

1285384,100,80

1286459,14,6

1287017,40,27

1287048,25,13

1287441,98,77

1287583,885,932

1287867,106,129

1288335,61,53

1288670,2,1

1288884,8,2

1288890,25,25

1290405,18,23

1292409,769,732

1293978,65,60

1294347,44,11

1295158,423,371

1295204,74,76

1295324,82,85

1295630,5,1

1295719,31,18

1295850,363,400

1295908,7,5

1296043,83,85

1296473,17,21

1296602,21,25

1296858,670,891

1297289,473,403

1297591,37,41

1297787,84,156

1297877,453,453

1298260,49,36

1299176,69,71

1300247,788,888

1301074,249,414

1301820,84,63

1301962,19,9

1302430,19,12

1302999,50,48

1303823,9,16

1303995,5,1

1305074,138,180

1305659,401,414

1306211,5,2

1306931,405,376

1307549,942,1146

1307715,492,486

1308740,9,3

1309055,744,835

1309084,19,12

1309149,64,24

1309692,16,10

1310184,523,367

1310438,13,8

1310461,14,8

1310747,185,248

1311459,111,104

1311549,82,74

1311571,83,78

1312372,105,71

1312391,1214,990

1312877,61,55

1312945,60,22

1313613,34,31

1313620,526,717

1314006,4,3

1314202,212,140

1314271,6,2

1314317,24,19

1314488,554,691

1314691,19,8

1314947,998,208

1315406,1231,1059

1315730,7,4

1317018,319,327

1317574,253,323

1317846,74,66

1318214,17,35

1318220,42,33

1318265,3,1

1318453,354,269

1318711,38,33

1318717,10,5

1318910,4,2

1318949,8,4

1319602,124,101

1319731,128,139

1319857,845,932

1319906,50,51

1320098,61,55

1320125,901,1145

1320137,7,2

1320383,199,183

1320644,11,8

1320649,475,707

1320651,9,6

1321057,72,74

1321277,12,6

1321359,752,736

1321386,20,23

1321639,577,214

1322210,72,64

1322226,697,504

1322302,443,387

1322472,6,4

1322523,271,257

1322595,455,103

1323128,87,79

1323411,6,2

1323853,15,4

1323905,48,18

1324241,4,3

1324567,264,179

1324594,1083,1042

1324777,153,122

1324908,20,16

1325076,64,49

1325110,138,124

1325405,507,548

1325621,323,390

1326004,551,389

1326120,159,151

1326348,30,26

1326471,702,599

1327109,73,84

1327593,171,192

1328062,172,203

1329392,192,269

1329931,365,374

1330021,20,21

1330222,16,17

1330769,97,124

1331081,413,407

1331513,28,31

1331654,37,29

1332445,26,7

1332633,9,4

1332781,645,482

1332845,18,27

1332876,269,230

1332925,614,486

1333235,772,1032

1333792,15,15

1334111,772,652

1334458,153,115

1334702,24,11

1334857,871,754

1334972,484,712

1335147,89,80

1335508,20,13

1336047,797,484

1336061,20,22

1336280,561,436

1336358,686,785

1336465,26,18

1336607,716,434

1336706,207,216

1336981,50,39

1337155,358,375

1337261,39,34

1337430,1,0

1338832,1094,1017

1339096,374,392

1339641,176,213

1340222,8,10

1340914,1028,987

1340958,414,393

1341234,139,196

1342183,28,13

1342699,336,255

1342989,63,57

1343302,7,8

1344899,67,63

1345148,74,64

1345480,3,1

1345537,70,64

1345790,326,322

1345871,974,950

1346077,68,65

1346096,174,190

1346459,59,56

1346524,111,80

1346716,55,39

1346967,939,694

1346982,1251,1128

1347358,24,26

1348369,28,29

1348596,793,813

1349279,339,358

1349299,55,37

1349406,8,15

1349555,24,17

1349624,446,378

1349793,19,24

1349992,406,404

1350010,1213,1242

1350021,4,2

1350376,888,822

1350546,83,63

1350777,31,15

1350922,197,248

1350934,165,139

1351151,206,199

1351556,110,133

1351658,108,104

1351786,840,790

1351989,404,381

1352192,26,17

1352405,3,1

1352988,69,65

1353005,422,246

1353156,37,56

1353161,1183,1026

1355346,196,159

1355632,23,18

1356147,38,33

1356350,129,171

1356429,627,175

1356570,1518,1348

1356646,72,60

1356855,25,24

1357495,82,57

1357705,577,432

1357765,107,92

1357916,22,13

1357973,614,653

1358002,90,75

1358477,637,682

1358860,838,831

1359205,22,26

1359359,328,251

1359790,10,4

1360635,152,136

1360715,115,138

1360829,17,18

1361307,67,61

1361519,158,106

1361849,93,90

1361892,63,58

1362210,64,62

1362332,12,5

1363727,63,60

1364161,59,55

1364488,1046,867

1364785,11,6

1364861,946,1102

1365563,37,43

1366161,516,510

1366526,98,62

1367089,110,115

1367258,110,71

1367385,13,9

1367913,26,14

1368028,30,24

1368148,431,572

1368389,632,602

1368412,716,1025

1368712,12,14

1369183,8,5

1369240,129,127

1370614,34,36

1371184,62,61

1371819,108,134

1372248,31,19

1372894,5,1

1373154,52,27

1373614,9,3

1373881,3,1

1374345,16,17

1374645,590,633

1374949,5,2

1375098,160,204

1375106,64,87

1375945,185,167

1376114,463,679

1376135,461,483

1376266,79,81

1376643,22,18

1376649,71,67

1376755,60,60

1376839,353,388

1376886,27,30

1377591,50,30

1377615,2,1

1378176,542,384

1378496,86,69

1379049,10,6

1379144,21,35

1379445,8,5

1379553,11,15

1379586,77,72

1380475,84,80

1380741,13,9

1381070,266,244

1381084,5,1

1381346,8,2

1381640,138,244

1381867,238,244

1382309,1327,1055

1382429,88,88

1382854,59,59

1382909,77,76

1383071,7,4

1383898,1108,1051

1384212,18,38

1385104,35,25

1385263,16,22

1385507,80,69

1385557,107,92

1385580,39,35

1386224,483,475

1386541,323,322

1386980,24,16

1387164,492,437

1388022,138,122

1388104,17,6

1388162,1008,977

1388440,588,596

1389673,28,22

1389731,519,445

1389886,78,70

1390240,55,66

1390642,1108,885

1391249,217,365

1392457,16,4

1392770,9,24

1392907,348,325

1393038,24,12

1393253,633,788

1394108,300,329

1394394,49,10

1394572,44,48

1394901,178,162

1395391,299,363

1396634,36,26

1397469,310,435

1397828,50,46

1398476,80,70

1398928,214,166

1399218,230,207

1399307,64,61

1399625,209,232

1399718,66,69

1399755,578,747

1400270,78,77

1400639,12,16

1400659,879,881

1400744,19,6

1401128,31,15

1401329,5,1

1401338,976,845

1401500,402,410

1401527,9,20

1401585,61,59

1401601,69,62

1401754,13,11

1402099,428,404

1402219,29,20

1402231,14,19

1403472,301,346

1404251,24,13

1405106,168,190

1405426,444,734

1405427,52,47

1406001,19,19

1406300,1335,981

1406469,36,53

1406931,1195,932

1407159,7,4

1407515,287,255

1409020,28,9

1409279,73,77

1409556,1124,1090

1410591,17,17

1410699,708,774

1410786,52,67

1411540,10,7

1411770,471,412

1411863,768,789

1411980,1295,1323

1412224,201,187

1412312,220,213

1412361,437,716

1412390,63,54

1413464,276,278

1414051,6,2

1415184,759,981

1415191,706,906

1415232,35,203

1415477,72,79

1415711,60,56

1415819,299,267

1416116,170,195

1416498,24,30

1416580,15,14

1416805,833,751

1416972,1274,1170

1417237,393,565

1419296,70,58

1419334,694,687

1419745,41,22

1420357,146,183

1420417,90,72

1420804,160,205

1421396,931,956

1421406,20,12

1421418,28,27

1421497,452,180

1421737,8,3

1421817,495,480

1421988,79,74

1424087,503,756

1424787,28,26

1425469,281,298

1426039,51,58

1426125,59,55

1426264,504,438

1426523,366,325

1426952,77,61

1427241,71,63

1427334,15,9

1427761,20,8

1427861,11,6

1427875,688,703

1428027,27,23

1428078,725,732

1428368,19,10

1428889,47,54

1428997,348,299

1429428,258,253

1429549,240,276

1430595,407,316

1431376,895,673

1431688,44,49

1431814,18,12

1431907,70,50

1431931,656,698

1431963,7,6

1432187,588,757

1432195,26,27

1432249,70,65

1432491,51,62

1432584,464,406

1433135,28,19

1433466,1016,926

1433906,8,3

1434060,18,15

1434450,18,14

1434748,14,7

1434808,48,39

1435666,9,4

1436500,737,730

1436513,12,6

1437168,13,20

1437652,359,251

1437890,302,309

1437891,64,62

1438922,68,63

1439547,28,36

1439563,66,70

1439610,79,71

1439905,59,54

1440071,11,12

1440279,350,493

1440295,5,3

1440397,16,14

1440453,67,72

1441445,94,80

1441476,224,352

1441614,739,948

1442430,18,13

1443105,8,2

1443177,4,2

1444056,196,210

1445101,96,68

1445696,445,435

1446290,90,84

1446327,52,53

1446451,63,63

1446675,288,161

1446911,581,933

1447202,8,5

1447229,13,5

1447331,87,84

1448056,303,247

1448185,23,11

1448306,62,58

1449007,372,384

1449032,13,18

1449824,689,703

1450164,218,189

1450402,27,18

1450473,10,4

1451127,14,8

1451426,25,22

1452666,64,23

1452686,11,5

1452883,60,55

1453207,89,86

1453423,19,10

1453554,117,164

1453878,25,25

1454086,69,62

1454634,684,650

1455142,15,7

1455231,726,747

1455313,99,80

1455657,9,3

1456070,70,92

1456081,71,71

1456293,4,1

1456874,253,278

1457313,70,34

1458508,18,13

1458576,81,71

1458636,342,301

1458789,2,0

1459145,164,136

1459217,520,461

1459639,60,65

1460303,243,392

1460426,26,12

1460660,921,1161

1461139,29,10

1461327,127,125

1461502,665,164

1461817,31,27

1461877,11,17

1462794,87,86

1463294,9,2

1463295,73,72

1463759,197,138

1464155,662,830

1464565,1025,920

1464622,17,14

1464746,14,8

1465836,13,4

1466013,42,52

1466759,5,8

1466831,65,69

1467015,513,674

1467311,501,381

1468284,428,384

1468523,14,21

1468887,59,59

1469128,564,468

1469139,113,86

1469505,1160,1124

1469620,195,231

1469947,244,274

1470065,383,358

1470439,11,3

1470507,11,3

1470665,287,303

1471218,56,52

1473040,343,255

1473153,22,10

1473321,15,9

1473470,46,45

1473832,52,38

1473900,64,41

1474029,19,11

1474620,22,9

1474703,79,69

1474780,250,280

1474864,26,6

1475013,551,462

1475268,24,14

1475524,74,52

1475762,150,120

1475791,12,8

1475813,59,57

1476320,16,10

1476464,15,13

1476708,23,13

1477221,5,1

1477321,331,388

1478553,18,23

1478594,8,2

1479205,465,500

1479240,87,63

1479633,7,2

1480081,394,370

1480300,16,6

1480813,717,765

1481699,334,359

1482124,76,80

1482730,11,8

1483318,17,19

1483705,322,485

1483829,66,64

1484109,869,829

1484161,78,83

1484697,192,289

1485118,97,141

1485589,10,2

1485875,25,5

1486420,26,20

1486520,13,15

1486793,362,332

1487166,56,38

1487365,284,379

1487384,121,171

1487615,3,1

1487775,86,70

1488035,486,398

1488117,86,92

1488263,892,1012

1488954,72,69

1489657,61,62

1490462,366,193

1490658,35,27

1490672,792,703

1491001,54,29

1491083,11,5

1491187,101,74

1491271,68,63

1492009,693,797

1492555,23,18

1492802,48,49

1492978,18,13

1493237,27,14

1494148,598,538

1494252,4,0

1494544,12,10

1495221,162,180

1495587,384,460

1495702,667,507

1495912,515,792

1495961,386,338

1495984,36,14

1496213,6,2

1496312,1,1

1496683,164,132

1496912,397,356

1497281,22,12

1498108,30,30

1498466,23,23

1499757,17,12

1500095,128,199

1500984,26,15

1501168,44,63

1501359,6,3

1501470,15,19

1501569,301,269

1502246,47,36

1502313,595,432

1502547,9,11

1502642,513,369

1502858,58,79

1502920,75,96

1502925,11,4

1503483,307,400

1504153,124,126

1504179,71,51

1504228,4,0

1505036,31,41

1505054,19,25

1505513,58,58

1505958,228,247

1506038,127,200

1507036,34,39

1507270,289,436

1507513,39,37

1507734,220,271

1508277,74,78

1508367,88,89

1508923,656,684

1509197,15,15

1509635,34,13

1509877,11,14

1510129,112,104

1510351,68,57

1510967,189,281

1511380,67,53

1511484,85,73

1512355,69,56

1512958,22,16

1513120,86,69

1513500,61,65

1513840,722,774

1514680,583,719

1515197,82,83

1515295,226,359

1515343,411,365

1515466,33,18

1515514,244,265

1515770,388,424

1515950,20,14

1516371,596,659

1516483,67,59

1516513,22,9

1516725,216,220

1517572,25,41

1517749,92,83

1517885,16,20

1517929,13,7

1518067,17,11

1518130,80,70

1518270,160,150

1518313,179,128

1518969,11,5

1520054,37,18

1520290,34,46

1520446,56,40

1520883,6,1

1520987,17,14

1521578,92,117

1521668,136,105

1521686,12,11

1522082,20,21

1522107,217,203

1522163,196,209

1523396,66,65

1523470,14,8

1523762,4,0

1523933,89,74

1523968,368,408

1524136,94,68

1524401,75,74

1524632,41,75

1524688,324,407

1524807,16,19

1525103,190,161

1526716,250,240

1526981,100,91

1527025,378,549

1527338,25,25

1527648,82,76

1527767,16,16

1528120,62,60

1528551,20,16

1528668,29,12

1528827,41,39

1528847,16,6

1528850,24,22

1529109,45,21

1529254,441,539

1529701,250,183

1529852,999,768

1530273,255,269

1530629,431,493

1530719,83,56

1531050,9,1

1531435,35,76

1531776,395,314

1532450,360,390

1532681,7,4

1532810,762,597

1532837,5,2

1533281,862,815

1534016,783,829

1534817,33,29

1535709,304,488

1535918,1218,1232

1536451,26,19

1536579,1131,1158

1536714,6,2

1536913,240,497

1536992,8,19

1537207,694,698

1537249,537,580

1538199,851,1082

1538270,87,59

1539142,21,16

1539623,169,195

1539679,145,144

1540146,72,65

1540221,161,182

1541032,216,220

1541317,47,47

1541626,31,31

1541685,24,19

1541776,416,561

1541863,279,413

1543463,358,326

1543533,626,552

1544061,72,67

1544072,18,25

1544108,845,1027

1544708,260,225

1544747,184,214

1544975,970,1129

1545631,4,1

1546077,49,50

1546447,26,19

1546612,25,43

1546991,72,66

1547036,7,3

1547391,127,160

1547652,65,61

1547860,790,732

1547937,11,4

1548473,12,6

1548729,6,2

1549032,19,18

1549219,167,193

1549439,695,922

1550620,41,32

1551150,13,9

1551364,18,7

1552355,745,187

1552433,163,187

1552550,384,294

1552759,180,243

1552998,6,5

1554087,72,65

1554663,470,441

1554806,193,222

1554984,38,31

1555257,80,78

1555319,19,10

1555391,297,428

1555697,241,253

1556239,309,496

1556578,20,18

1556680,405,327

1557119,87,82

1557125,23,16

1558676,136,171

1558970,5,1

1559001,1004,1262

1559505,226,312

1560498,870,1054

1560783,88,76

1561391,7,1

1561606,8,2

1561994,51,77

1562186,12,8

1562191,59,56

1562922,59,56

1563594,16,14

1563610,574,498

1563653,127,160

1563921,19,11

1564557,323,441

1565051,33,19

1565633,12,11

1565670,281,353

1565792,67,64

1566005,47,26

1566008,899,1109

1566163,81,61

1566396,1089,979

1566766,7,2

1567292,9,4

1567378,6,4

1567725,34,30

1567838,26,14

1568224,387,136

1568439,880,1002

1569172,255,479

1569944,369,433

1570276,786,810

1570579,9,5

1570702,9,2

1570913,86,84

1571183,879,798

1571283,13,20

1571576,17,17

1571610,366,408

1571662,22,19

1571736,618,416

1572097,120,94

1573624,185,362

1573919,35,39

1574042,16,16

1574091,481,441

1574391,330,491

1574554,94,96

1574616,48,45

1574620,63,68

1574967,374,295

1575235,440,551

1576195,466,486

1576221,837,962

1576452,2,1

1576656,813,795

1577105,353,348

1577179,207,206

1577212,93,58

1577372,54,75

1577478,30,28

1578380,800,672

1578832,354,369

1579655,412,604

1580101,9,7

1580679,1332,1238

1580741,230,233

1581087,824,1133

1581268,75,62

1581911,248,323

1582969,181,171

1583272,57,66

1583686,82,55

1584300,184,171

1584543,211,235

1584564,150,130

1584648,85,83

1584822,21,24

1585018,45,19

1585206,2,1

1586218,83,71

1586794,15,10

1586846,283,354

1587254,180,256

1588308,1024,936

1588685,131,135

1588767,299,271

1588778,113,187

1588833,1393,1156

1589024,53,55

1589170,159,188

1589559,59,56

1590133,39,31

1590601,14,15

1590893,49,47

1592157,207,120

1592785,76,62

1592997,613,190

1593451,236,438

1593608,80,87

1594224,84,70

1594506,56,50

1594508,9,5

1594599,28,14

1594753,131,354

1594937,6,1

1594971,3,2

1594973,52,31

1595318,372,355

1595904,659,275

1595964,47,61

1596719,171,198

1596740,10,4

1596977,156,166

1597320,636,694

1597402,56,53

1597848,238,225

1598265,6,3

1598831,14,3

1599137,559,379

1599181,94,82

1599421,9,8

1600283,33,14

1600300,17,9

1600678,72,78

1601273,14,4

1601276,425,387

1603570,68,76

1603992,68,65

1604228,12,12

1604621,24,25

1604883,52,34

1605726,24,22

1606016,27,18

1606602,26,34

1606634,5,9

1606701,49,67

1606831,5,0

1607917,208,248

1608826,72,58

1609012,358,144

1610139,39,12

1610283,62,60

1610310,878,819

1611198,90,72

1611603,463,324

1611783,390,280

1612560,114,113

1612730,16,13

1613057,32,14

1613418,76,77

1613471,58,38

1613678,7,4

1613963,16,9

1614351,71,67

1614473,87,58

1614499,879,792

1614738,124,95

1614842,11,13

1614854,6,4

1614952,477,129

1614973,100,88

1615218,884,1031

1615382,304,329

1615853,1589,1237

1616415,86,76

1616457,35,37

1616612,57,53

1617284,79,54

1617768,75,75

1618002,386,486

1618163,424,352

1618257,93,75

1618488,20,17

1618629,55,35

1618639,2,1

1618736,6,9

1619770,78,80

1620233,179,155

1620429,100,79

1620491,263,285

1620496,17,14

1620753,100,84

1620771,1204,1310

1620988,425,389

1621157,17,19

1621338,64,56

1621849,3,1

1622007,182,159

1622630,68,67

1622819,773,737

1623035,1060,900

1623195,15,20

1623196,290,425

1623204,22,27

1624143,67,50

1624317,87,63

1624488,56,75

1624962,90,81

1626029,733,670

1626169,48,42

1626469,662,568

1627468,626,453

1628043,497,447

1628253,100,81

1628396,12,5

1628945,50,31

1629151,305,376

1629394,25,27

1629590,81,75

1629621,71,65

1629728,15,6

1629849,948,977

1630045,879,555

1630646,658,542

1631132,4,4

1631156,38,35

1632214,904,783

1632547,85,68

1632828,68,60

1632922,58,51

1633069,506,591

1633558,526,469

1634050,118,106

1634397,881,899

1634680,376,358

1634902,491,387

1635041,3,1

1635124,32,19

1635527,2,0

1635641,231,121

1635849,29,19

1635915,189,835

1636112,27,27

1636226,81,82

1636956,67,32

1637430,74,70

1637467,12,7

1638105,7,3

1638675,201,248

1639148,36,36

1640316,2,0

1640943,651,704

1641373,18,16

1642096,19,15

1642577,8,3

1642591,1240,1325

1643102,958,920

1643449,64,57

1643467,743,933

1643608,171,188

1643702,1196,1320

1643707,34,31

1643712,343,341

1643902,39,49

1644063,76,66

1644347,227,259

1644402,809,882

1644823,129,105

1644955,560,469

1645255,30,28

1645785,11,6

1646069,534,710

1646130,19,14

1646290,10,7

1646340,12,6

1646453,363,447

1647208,1048,1083

1647214,79,67

1647231,14,19

1647281,70,56

1647710,354,317

1647955,66,64

1648100,254,322

1648195,13,16

1648452,778,774

1648751,394,334

1648997,83,76

1649471,68,80

1649735,102,101

1650280,69,61

1651203,61,53

1651502,942,1090

1651667,13,6

1652559,26,23

1652892,394,334

1652912,85,65

1653353,61,57

1653563,1089,853

1653760,90,93

1656581,550,1096

1656601,280,323

1656654,24,14

1656944,70,61

1657640,25,9

1657677,356,292

1658667,1,1

1658679,15,18

1658699,506,577

1659144,9,9

1659439,658,980

1659807,28,13

1659909,5,1

1660198,470,606

1660313,45,27

1660730,46,33

1660884,11,8

1661061,287,244

1661506,45,30

1662990,21,25

1663043,14,10

1663312,75,72

1664117,716,495

1664230,558,168

1664693,311,319

1664740,6,1

1664957,1075,992

1666067,106,68

1666471,62,66

1667132,84,79

1667325,3,0

1667860,516,360

1668273,270,204

1668783,272,271

1668820,25,4

1669061,246,262

1669204,35,26

1669211,254,272

1669471,81,63

1670498,148,141

1671079,114,130

1671438,728,910

1671779,4,3

1673411,31,34

1673898,8,8

1674198,221,233

1674612,160,207

1674637,249,103

1675066,19,11

1675069,79,87

1675130,55,29

1675439,4,2

1676380,466,247

1676388,109,122

1677351,8,2

1678214,408,429

1678825,250,285

1678836,40,43

1679104,929,879

1679237,28,21

1679381,96,94

1679652,25,20

1679714,415,535

1680704,80,79

1680940,752,759

1681146,176,362

1682847,63,61

1683303,655,730

1683445,72,67

1683806,60,53

1683856,51,73

1684086,353,434

1685011,10,5

1685422,24,8

1685710,825,695

1685871,4,0

1686979,573,455

1687029,55,52

1687109,63,61

1687201,275,294

1687333,695,998

1687464,99,83

1687565,116,97

1687952,221,325

1688270,816,870

1688395,1127,1278

1688728,29,23

1688901,25,23

1689151,76,78

1689641,80,75

1690345,67,59

1690441,130,72

1690685,13,7

1692042,99,125

1692091,461,393

1692539,105,57

1692922,590,248

1692925,813,707

1693244,3,1

1693328,76,81

1693514,62,58

1693724,446,166

1694684,35,34

1694938,433,349

1695497,8,0

1695608,69,80

1695941,12,11

1696241,159,151

1696282,50,25

1696314,240,201

1696430,67,63

1696476,71,71

1696511,29,16

1696753,322,323

1697086,74,67

1697365,25,17

1697381,18,20

1697657,88,68

1698002,7,2

1698476,77,77

1699226,805,959

1699262,9,3

1699336,18,30

1699360,15,17

1699374,34,45

1699779,210,216

1699802,155,149

1700188,45,15

1700246,1343,1241

1700399,88,71

1700607,369,350

1700924,4,3

1700956,348,357

1702103,89,68

1702332,375,431

1702690,678,726

1702844,418,389

1703093,14,10

1703550,23,18

1704953,188,181

1706270,21,18

1706569,29,7

1706585,848,946

1706656,446,408

1707018,39,30

1707341,95,69

1707585,494,465

1707741,1091,1027

1708002,582,885

1709860,31,18

1709959,894,939

1709971,4,0

1710343,36,21

1710420,202,184

1710455,21,8

1711010,256,298

1711044,76,78

1711266,1037,1212

1711423,132,135

1711758,4,2

1711850,199,146

1711922,327,275

1712829,57,57

1713236,16,10

1713322,31,14

1713332,73,74

1713404,307,284

1713815,65,61

1713825,80,123

1713869,119,90

1714092,70,65

1714217,31,31

1714626,74,69

1715217,668,872

1715281,123,177

1715394,338,199

1715563,9,6

1716042,56,51

1717998,581,570

1718291,35,29

1718705,514,413

1718759,967,915

1718771,31,31

1718796,14,10

1719235,323,328

1720691,63,58

1721166,39,19

1721744,372,297

1721884,78,77

1721903,34,27

1722100,15,6

1722376,427,450

1722734,64,60

1722945,8,5

1723050,906,1029

1723831,196,169

1724240,116,72

1724426,169,131

1724732,242,163

1724998,71,73

1725042,263,233

1725194,173,196

1725352,21,15

1725488,42,57

1725950,85,87

1726963,7,3

1727536,4,4

1727751,327,350

1727821,568,834

1727869,55,54

1728248,4,0

1728252,339,282

1728290,79,75

1728432,857,695

1728854,23,15

1729147,118,92

1729790,267,399

1729991,104,62

1730075,176,169

1730482,70,75

1730554,237,215

1730626,778,1097

1730737,981,716

1731054,139,213

1731332,31,18

1731611,26,11

1731980,295,215

1732032,124,118

1732670,167,148

1732683,75,68

1732710,500,572

1732916,393,313

1733189,45,30

1734426,73,86

1734715,79,61

1735326,250,251

1736001,460,405

1736017,33,24

1736353,6,1

1736555,334,289

1736670,1021,791

1736898,1119,892

1737013,23,23

1737684,70,75

1738212,393,368

1738409,460,388

1738746,100,245

1738952,163,225

1739440,10,4

1739657,27,3

1739749,81,80

1740708,18,11

1741074,10,7

1741587,726,729

1741732,1036,1090

1742491,1057,771

1742503,915,839

1742829,182,209

1743218,55,59

1743350,403,351

1743546,63,54

1743710,353,404

1743755,24,17

1744199,119,124

1744341,620,410

1744503,86,108

1744582,369,374

1744789,706,853

1745381,80,68

1746062,303,481

1747039,91,63

1747401,350,303

1747815,77,71

1747940,251,294

1748876,145,112

1749109,984,710

1749221,635,786

1749349,21,11

1749456,758,542

1749640,120,90

1749673,612,717

1750125,161,149

1750208,17,12

1750809,633,887

1751308,12,19

1751339,236,298

1751389,302,231

1751670,370,425

1752009,18,13

1753286,17,4

1753321,692,484

1753347,489,429

1753569,79,66

1753644,84,93

1754715,54,63

1754769,17,18

1754996,431,336

1755111,16,12

1756424,645,870

1757396,27,18

1757507,13,11

1757903,21,8

1758474,477,612

1758483,10,12

1758663,104,74

1758848,176,289

1758901,5,1

1758925,16,19

1759070,15,8

1759251,761,651

1759402,520,874

1759789,63,73

1760049,106,67

1760095,42,45

1760129,65,63

1760383,227,220

1760458,7,0

1761397,11,14

1761460,416,359

1761577,35,27

1761931,5,4

1762242,14,11

1762290,76,85

1762673,277,359

1763220,863,1053

1764082,61,50

1764153,134,133

1764383,55,54

1764969,77,66

1764981,5,7

1765165,361,267

1765460,17,20

1765818,210,251

1766609,9,18

1766662,567,620

1766909,179,262

1766974,39,34

1767476,680,427

1767796,71,61

1767836,27,19

1768165,112,95

1768434,548,384

1768584,309,392

1768688,1195,1092

1769075,547,1093

1769465,19,13

1770129,74,69

1770473,99,72

1770482,17,14

1770586,49,23

1770588,859,1152

1771188,26,31

1771245,88,103

1771411,66,78

1771428,20,26

1772261,9,5

1772512,27,29

1772990,8,4

1773176,250,358

1773684,38,7

1774097,70,50

1774287,120,83

1774650,15,16

1774782,62,55

1775015,36,22

1775395,420,402

1775717,31,13

1775944,94,98

1776141,3,0

1776210,10,3

1776983,4,1

1777410,10,1

1777690,23,27

1777829,37,73

1778519,123,114

1778857,23,11

1779722,5,2

1779939,52,68

1780934,986,1022

1780984,2,2

1781105,76,87

1781546,137,80

1781561,19,16

1782426,6,4

1782654,65,72

1783565,68,40

1783900,19,13

1783991,59,65

1784014,719,847

1784252,732,705

1784314,72,45

1784467,7,3

1784999,297,222

1785546,176,159

1785847,72,71

1786093,72,76

1786268,38,35

1786531,149,159

1786577,25,31

1787422,473,352

1787735,360,366

1788092,333,488

1788664,5,1

1788822,935,885

1789454,78,69

1789535,96,109

1789670,64,70

1789672,23,23

1789765,767,383

1789921,76,56

1789940,10,6

1790293,55,55

1790391,497,210

1792441,77,72

1792869,421,491

1794634,78,57

1794987,901,906

1795965,29,22

1796183,25,14

1796573,296,419

1796799,967,1094

1796810,79,72

1797161,140,198

1797386,560,706

1797536,300,347

1798740,18,28

1798885,37,22

1799047,821,963

1799156,4,11

1799299,181,243

1799511,282,347

1800174,568,303

1800541,637,934

1800769,358,356

1801196,476,392

1801467,1032,990

1802636,587,607

1803146,12,14

1803396,5,11

1803705,139,166

1803738,2,1

1803907,68,15

1804033,201,319

1805203,30,13

1806328,27,33

1806795,145,133

1806858,858,432

1806891,14,17

1807033,25,26

1807119,78,55

1807223,728,735

1807255,20,12

1807303,53,55

1807704,78,59

1808137,361,437

1808298,1059,997

1808584,15,11

1808763,139,72

1809285,257,291

1809394,22,38

1809420,3,1

1809653,69,70

1810447,165,222

1810521,1018,1212

1810537,11,3

1810596,1259,1011

1810761,1300,959

1811027,23,23

1811210,11,8

1811383,229,253

1811495,467,832

1811688,804,849

1811915,14,13

1812068,31,18

1812418,21,25

1813111,1331,1293

1813385,59,58

1813438,436,187

1813981,537,695

1814012,29,35

1814139,52,57

1814168,10,5

1814691,299,243

1814974,240,241

1815116,8,17

1815158,48,32

1815320,772,1078

1815356,60,45

1815411,953,985

1815486,859,785

1816522,6,1

1817165,57,55

1817444,70,72

1817483,672,533

1818533,36,18

1818636,807,973

1820085,42,23

1820567,60,45

1820604,25,12

1820804,28,20

1821378,7,5

1822104,271,298

1822171,255,250

1822329,36,37

1822482,35,23

1822602,30,31

1822890,46,37

1823379,9,3

1823484,343,381

1823549,80,104

1824852,61,57

1825154,22,23

1825209,736,1274

1825529,86,79

1825773,74,63

1825862,66,66

1826870,17,8

1826884,70,53

1827053,19,14

1827088,70,65

1827524,66,61

1827552,11,16

1827709,71,71

1828054,679,600

1828090,16,15

1829433,382,515

1829612,8,1

1829621,26,18

1829837,667,515

1830372,5,2

1831051,8,4

1831687,20,9

1831774,280,369

1832566,695,463

1833168,12,12

1833519,213,228

1834023,216,224

1834564,7,3

1835160,70,74

1835351,736,783

1835505,445,361

1835861,10,6

1836250,9,3

1836265,20,24

1836644,9,3

1836750,45,40

1836866,511,526

1837235,32,22

1838599,123,84

1838691,61,61

1839291,11,9

1840629,430,434

1841510,1128,1270

1841545,192,176

1841960,493,386

1842761,27,9

1842801,8,3

1843348,16,6

1843430,1026,784

1843796,376,376

1843798,4,8

1844006,6,2

1844105,25,14

1844303,28,23

1844402,173,353

1844535,1188,957

1844758,13,17

1844973,357,255

1845176,86,73

1845254,17,11

1846307,94,83

1846450,22,20

1846955,206,211

1846978,429,447

1847604,23,12

1847830,284,284

1848459,1596,1379

1848525,12,5

1848529,650,587

1849226,11,2

1849728,22,9

1849867,752,646

1850297,238,170

1850952,16,3

1851936,7,3

1851993,457,383

1852009,310,513

1852033,2,1

1852869,16,15

1853179,101,71

1853425,5,2

1853972,54,40

1854039,14,9

1854198,460,130

1854279,405,346

1854510,34,21

1855131,406,417

1855670,74,68

1855710,1,0

1856072,11,10

1856188,33,39

1856774,40,18

1857947,58,80

1858014,1186,962

1858180,581,294

1858381,591,713

1858783,715,442

1858909,5,1

1859126,709,1006

1860323,103,59

1860348,19,18

1860467,251,215

1860477,82,88

1860592,21,14

1860913,73,57

1861057,9,6

1861415,53,72

1861533,115,114

1862203,399,419

1862216,153,73

1862404,9,4

1862792,11,12

1863151,377,403

1863422,40,26

1863869,25,7

1864260,76,51

1864772,261,388

1865282,726,697

1865358,14,18

1865375,17,16

1865549,14,18

1865610,434,351

1865730,64,62

1865826,81,73

1866790,74,80

1867519,210,254

1867824,15,9

1868658,81,77

1868763,19,27

1869353,586,972

1870006,410,878

1870869,72,95

1871023,66,51

1871522,22,14

1872559,414,474

1872654,692,500

1872848,570,883

1872990,9,2

1873126,1314,1284

1873144,215,478

1873197,734,907

1873203,617,532

1873375,182,250

1873443,6,4

1873529,48,39

1874212,24,30

1875935,382,280

1876603,16,18

1876730,6,0

1877305,17,7

1877708,8,5

1877839,306,284

1877850,240,316

1878090,28,16

1878171,538,536

1878897,242,134

1879195,29,28

1879373,80,79

1879593,250,228

1880065,153,113

1880273,501,424

1880302,4,1

1880304,7,2

1880893,521,758

1881066,9,4

1882328,1600,1168

1882540,10,10

1882651,109,84

1883384,21,24

1883669,67,90

1883690,16,15

1884134,123,113

1885017,16,4

1885029,216,239

1885481,7,1

1885771,78,75

1885886,68,63

1887360,42,36

1887398,556,574

1887414,243,367

1887458,73,70

1887790,59,48

1887849,11,4

1888362,20,1

1888873,9,0

1889140,568,448

1889675,21,16

1889880,253,308

1890020,25,18

1890453,17,14

1890620,218,203

1890848,47,30

1890914,25,29

1891308,33,41

1892706,791,999

1892771,11,9

1893633,24,16

1894219,445,352

1894509,424,516

1895009,785,861

1895027,1166,1187

1895464,213,252

1895812,8,1

1896535,883,772

1896760,17,23

1896855,761,857

1897254,58,48

1897655,295,303

1897723,5,2

1897793,9,5

1897980,150,117

1898006,19,22

1898040,32,36

1898284,14,12

1898686,85,81

1898843,24,12

1899097,1053,790

1899215,35,9

1900049,736,931

1900354,18,14

1900699,800,1135

1901150,76,74

1901189,66,49

1901230,16,11

1901765,273,191

1901789,88,36

1902375,764,835

1903806,15,13

1905460,28,14

1905467,388,384

1906057,20,16

1906065,3,3

1906459,62,17

1906645,703,528

1906760,11,1

1906865,350,284

1908375,24,21

1908621,12,11

1908746,46,13

1908834,9,0

1909440,259,238

1910253,197,164

1910777,85,90

1910940,1041,1181

1911656,20,20

1912012,289,297

1912164,214,171

1912242,6,0

1913015,1190,944

1913329,894,649

1914141,104,133

1914254,282,277

1914861,249,209

1915282,4,2

1915367,1136,1031

1915520,8,2

1915615,1206,1072

1915886,17,15

1915992,244,350

1916015,26,41

1916075,122,119

1916216,52,49

1916317,847,914

1916403,38,32

1916489,459,372

1916497,387,415

1916502,564,647

1916515,35,35

1916658,26,14

1917187,384,498

1918785,20,17

1919486,1127,1117

1919993,127,59

1920078,14,11

1920223,17,14

1920806,258,377

1920820,278,145

1921770,18,5

1922244,477,424

1922662,3,2

1923055,53,49

1923108,165,180

1923192,398,179

1923259,71,66

1923558,18,10

1924109,70,65

1924147,39,24

1924195,132,151

1924339,6,4

1924479,72,86

1924631,64,60

1925175,61,56

1925213,212,281

1925454,209,323

1926243,48,45

1926347,3,2

1926412,94,78

1926467,424,463

1927235,49,11

1928075,19,16

1929109,162,156

1929446,636,547

1929489,371,369

1929624,3,0

1930301,19,22

1930315,165,135

1930513,115,135

1931070,53,50

1931368,69,66

1931423,201,209

1931562,393,391

1931591,51,43

1931837,8,3

1932228,84,90

1932440,16,9

1933032,17,21

1933914,59,58

1934078,20,30

1934504,784,792

1935961,1095,962

1936075,68,59

1936551,67,54

1936602,17,9

1937540,1190,1126

1937995,301,388

1938374,150,162

1938501,88,69

1938686,1176,843

1939208,13,6

1939292,5,2

1940331,1084,1016

1940907,96,64

1942120,157,109

1942851,63,50

1942927,1025,1021

1943189,76,77

1943233,65,45

1944047,503,465

1944302,380,394

1944523,222,271

1945140,2,0

1945950,14,18

1946214,119,163

1946527,104,88

1946546,65,61

1946714,34,50

1946853,58,76

1946929,62,66

1947176,64,60

1947452,45,28

1947812,51,49

1948129,66,62

1948150,9,2

1948458,222,231

1948796,196,167

1949081,447,385

1949874,528,559

1950033,1196,1050

1950073,24,33

1950381,31,42

1950711,84,74

1950762,410,567

1951104,63,23

1951444,4,0

1952157,29,38

1952264,71,66

1952341,263,289

1952914,1756,1437

1953077,884,1180

1953413,58,36

1953744,73,65

1953871,89,61

1954510,327,353

1955415,1331,984

1955928,20,11

1956391,364,370

1956504,123,104

1956918,247,237

1956928,132,74

1957184,91,89

1957228,51,30

1958194,67,62

1958435,920,913

1958633,890,733

1958692,38,26

1959018,355,120

1959069,17,12

1959166,75,62

1959300,940,932

1960404,282,251

1960504,66,58

1960968,31,22

1961065,92,73

1961646,322,230

1962802,53,44

1963788,10,8

1964024,718,643

1964353,14,14

1964698,18,12

1964725,522,768

1965255,6,3

1965323,176,179

1965716,1,0

1966429,22,6

1966484,58,56

1966901,37,22

1966966,24,11

1967283,9,5

1967504,26,20

1967677,711,546

1967769,654,795

1968164,86,86

1968885,90,89

1969042,763,894

1969388,5,1

1969891,121,84

1970273,81,66

1970360,592,390

1970792,11,10

1971069,242,275

1971204,1005,1035

1971223,193,258

1971852,399,179

1971924,26,20

1972355,219,395

1972410,27,12

1973863,13,26

1974000,64,68

1974140,12,8

1975435,47,13

1975667,63,123

1975742,44,43

1975844,208,305

1976289,8,10

1976732,160,441

1977202,5,3

1977815,1298,981

1977852,211,225

1978033,119,135

1978182,361,393

1978512,70,68

1979024,252,223

1979770,68,50

1980139,83,115

1980233,60,37

1980523,108,90

1980754,22,17

1980952,92,69

1980990,285,233

1981099,52,55

1981192,318,246

1981451,2,3

1981514,81,77

1981848,95,93

1982027,401,480

1982133,108,56

1982191,377,408

1982465,249,364

1983168,518,775

1983198,146,412

1983777,93,61

1984229,78,70

1984523,66,62

1984722,74,66

1984818,7,3

1984991,21,30

1985523,1155,887

1985807,1096,991

1986321,759,216

1986669,36,35

1987401,13,16

1987765,216,249

1987894,296,353

1988493,17,11

1988547,122,209

1989148,23,19

1989874,46,61

1990493,27,20

1990829,290,223

1991023,90,73

1991041,31,13

1991125,43,67

1991592,21,11

1991681,35,20

1991946,15,13

1992013,20,21

1992556,2,1

1993646,266,319

1993871,106,107

1993958,3,0

1994315,44,60

1994529,109,95

1994721,75,65

1995197,118,80

1995311,22,25

1995388,40,51

1995537,13,8

1996147,170,192

1996676,47,30

1996962,624,515

1997596,251,225

1997632,503,638

1998550,22,70

1998752,305,361

1999088,20,15

1999425,249,307

1999729,323,368

2000053,270,279

2000496,47,41

2000782,46,32

2001487,13,16

2001629,13,10

2001739,76,63

2001786,14,8

2001961,19,15

2001998,1002,1027

2002193,303,300

2002872,69,71

2003921,59,56

2004297,272,381

2004757,275,309

2004848,95,142

2005317,453,482

2005669,263,376

2006252,36,16

2006561,670,730

2007070,162,150

2007364,1178,1409

2007515,47,30

2007538,69,98

2008818,64,72

2008857,1085,1153

2009131,519,839

2009792,511,486

2010501,25,34

2010544,9,5

2010738,4,1

2010970,64,36

2011396,44,29

2011512,10,7

2011569,255,233

2012017,18,18

2012087,25,19

2013094,208,201

2013533,863,1257

2013638,7,2

2013854,937,1016

2014398,79,56

2014925,93,76

2015054,491,427

2015092,343,386

2015125,381,332

2015166,23,18

2015300,7,5

2015331,10,3

2015476,473,374

2015715,118,86

2016064,7,1

2016975,184,133

2017255,1168,1070

2017666,4,1

2018366,86,84

2018504,74,59

2018584,21,20

2018880,14,21

2019049,361,390

2019254,4,1

2019730,35,26

2019983,52,31

2020031,11,6

2021036,143,101

2022204,127,77

2022346,516,363

2022453,955,981

2022703,194,182

2023167,534,406

2023353,321,285

2023392,42,44

2023808,515,172

2024863,25,22

2025045,9,6

2025152,16,14

2025345,1256,1132

2025534,232,257

2025633,730,1021

2025656,25,16

2025920,200,180

2026185,56,34

2026293,1208,1112

2026631,264,485

2027222,11,14

2027256,304,300

2027278,86,91

2027515,22,6

2027740,345,315

2028224,623,703

2028313,92,71

2028347,15,22

2028377,1176,1280

2030062,113,106

2030370,2,0

2030871,2,0

2030935,25,16

2031466,158,175

2031481,27,18

2031799,21,8

2032812,18,9

2032890,19,28

2033274,393,450

2033656,151,126

2034776,1347,990

2035400,11,6

2035982,127,75

2036360,36,40

2036467,24,16

2036628,158,218

2036701,47,53

2036809,82,35

2037056,40,32

2037221,221,159

2037299,654,485

2037361,21,10

2037429,135,114

2037467,22,30

2037599,307,398

2037687,37,16

2038280,10,6

2039001,68,72

2039032,226,214

2039166,65,59

2039599,395,378

2040751,144,124

2040759,607,427

2041025,5,4

2041105,42,32

2041158,161,329

2042186,9,6

2042299,147,149

2042333,176,188

2042862,268,280

2043478,5,1

2043641,18,23

2043819,80,69

2043905,6,3

2044130,14,18

2044640,1170,763

2045080,19,15

2045447,19,25

2045865,79,86

2045911,23,24

2046019,24,21

2046292,286,303

2046363,319,260

2046799,28,17

2047018,59,50

2047233,42,39

2047906,1275,895

2048166,6,4

2048286,27,28

2048537,7,7

2048678,19,15

2048749,87,86

2048882,179,220

2049023,5,3

2049088,94,86

2049559,221,273

2049588,8,3

2049819,241,237

2050303,62,58

2050707,93,89

2051376,16,17

2051549,768,806

2051717,95,71

2052272,790,719

2052498,26,31

2052720,20,14

2052846,7,4

2053111,982,931

2054121,279,306

2054472,16,24

2054539,23,28

2054939,67,63

2055411,9,0

2056066,841,863

2056082,18,23

2056236,92,74

2056401,224,224

2056851,1,0

2056864,12,11

2056876,925,805

2057127,8,5

2057828,106,74

2058029,422,395

2058354,29,31

2059098,168,192

2059110,39,21

2059292,344,420

2059479,35,40

2059488,2,0

2059961,20,20

2060350,54,44

2060504,16,18

2060713,257,242

2061189,57,53

2061690,192,282

2062993,3,0

2063022,34,114

2063740,423,410

2063759,133,133

2063948,14,17

2064523,37,35

2064613,79,70

2064706,40,33

2065046,3,2

2065050,577,711

2065333,13,21

2065364,57,45

2065881,20,10

2066168,49,65

2066313,25,34

2066397,968,907

2067135,72,72

2067526,28,22

2067907,53,51

2068254,744,940

2068577,22,14

2069118,6,2

2070089,75,79

2070394,422,483

2070499,66,60

2071009,65,62

2072090,19,10

2072858,39,16

2073155,66,21

2073377,13,10

2073381,11,11

2074098,130,193

2074636,795,488

2074808,391,315

2075406,45,37

2075534,38,40

2076153,31,19

2076332,445,542

2077805,33,34

2078034,161,122

2078374,718,782

2078973,31,13

2079054,560,378

2079223,642,809

2080929,60,70

2081231,241,203

2081420,157,83

2081604,33,18

2081799,142,129

2081811,298,497

2082005,19,27

2082204,486,409

2082743,891,837

2083046,116,140

2083152,42,42

2083480,25,18

2083613,555,401

2083653,91,68

2083878,2,2

2084435,13,19

2085080,17,17

2085269,19,14

2085568,250,251

2085681,917,850

2085735,977,900

2086317,68,64

2086405,96,76

2086443,3,7

2087246,324,364

2087553,28,68

2087596,82,72

2088259,963,920

2088376,19,14

2088508,20,26

2089647,559,400

2089891,57,30

2090041,16,20

2090691,25,12

2090710,15,17

2090883,159,168

2091593,67,77

2091832,274,342

2091938,869,1006

2092093,68,68

2092930,93,93

2092963,83,104

2092979,21,10

2093425,87,75

2093498,9,10

2093738,32,40

2093864,1373,1044

2093879,202,246

2093917,13,14

2094468,49,46

2094648,108,108

2095051,81,64

2095479,937,1015

2095583,291,242

2096093,174,238

2096096,31,55

2096426,516,593
